1750 3.574000
1750 3.702000
1750 3.076000
1750 2.451000
1750 2.072000
1750 1.724000
1750 1.911000
1750 2.231000
1750 2.637000
1750 2.668000
1750 0.000000
1750 2.970000
1751 3.469000
1751 3.827000
1751 3.051000
1751 2.368000
1751 0.000000
1751 1.801000
1751 0.000000
1751 2.296000
1751 2.656000
1751 0.000000
1751 0.000000
1751 0.000000
1752 3.789000
1752 0.000000
1752 3.192000
1752 2.398000
1752 0.000000
1752 0.000000
1752 0.000000
1752 0.000000
1752 0.000000
1752 2.754000
1752 2.747000
1752 2.982000
1753 3.478000
1753 6.341000
1753 2.929000
1753 3.177000
1753 3.111000
1753 2.590000
1753 1.929000
1753 2.453000
1753 2.538000
1753 2.585000
1753 2.807000
1753 4.174000
1754 5.020000
1754 7.492000
1754 3.336000
1754 3.293000
1754 3.937000
1754 3.366000
1754 2.401000
1754 1.892000
1754 2.318000
1754 2.529000
1754 3.048000
1754 3.299000
1755 4.693000
1755 5.857000
1755 3.909000
1755 3.372000
1755 4.151000
1755 5.322000
1755 1.936000
1755 2.381000
1755 3.416000
1755 3.931000
1755 4.021000
1755 3.215000
1756 3.513000
1756 4.265000
1756 5.574000
1756 3.752000
1756 2.608000
1756 3.213000
1756 2.192000
1756 2.175000
1756 2.954000
1756 2.201000
1756 2.860000
1756 3.841000
1757 4.022000
1757 4.261000
1757 3.638000
1757 4.304000
1757 4.980000
1757 4.590000
1757 4.322000
1757 4.035000
1757 3.189000
1757 3.173000
1757 2.643000
1757 5.155000
1758 7.349000
1758 3.753000
1758 3.368000
1758 2.986000
1758 3.091000
1758 2.055000
1758 3.608000
1758 2.979000
1758 2.347000
1758 2.332000
1758 3.243000
1758 3.244000
1759 3.673000
1759 5.966000
1759 3.958000
1759 3.159000
1759 2.503000
1759 2.232000
1759 2.650000
1759 5.626000
1759 3.235000
1759 2.983000
1759 3.167000
1759 4.995000
1760 4.567000
1760 3.535000
1760 4.666000
1760 2.669000
1760 1.857000
1760 2.140000
1760 2.567000
1760 2.789000
1760 3.865000
1760 3.422000
1760 2.348000
1760 2.642000
1761 4.779000
1761 3.775000
1761 3.225000
1761 1.652000
1761 1.709000
1761 3.166000
1761 2.696000
1761 2.013000
1761 4.075000
1761 3.932000
1761 2.248000
1761 4.468000
1762 3.776000
1762 7.880000
1762 4.139000
1762 2.199000
1762 3.044000
1762 3.311000
1762 1.966000
1762 3.329000
1762 3.226000
1762 2.879000
1762 3.354000
1762 3.188000
1763 6.415000
1763 4.102000
1763 4.635000
1763 2.275000
1763 2.736000
1763 2.224000
1763 1.754000
1763 2.157000
1763 2.827000
1763 2.961000
1763 2.080000
1763 3.653000
1764 3.628000
1764 2.868000
1764 2.488000
1764 3.159000
1764 4.550000
1764 1.707000
1764 3.256000
1764 1.259000
1764 2.236000
1764 2.515000
1764 2.828000
1764 2.809000
1765 4.928000
1765 3.156000
1765 2.442000
1765 1.448000
1765 1.928000
1765 1.453000
1765 2.375000
1765 1.872000
1765 1.705000
1765 1.533000
1765 3.737000
1765 2.556000
1766 4.766000
1766 3.741000
1766 2.802000
1766 2.084000
1766 1.555000
1766 3.745000
1766 2.341000
1766 2.598000
1766 2.855000
1766 1.491000
1766 3.774000
1766 2.278000
1767 5.656000
1767 4.973000
1767 4.418000
1767 3.557000
1767 1.501000
1767 1.426000
1767 2.559000
1767 1.466000
1767 2.313000
1767 1.611000
1767 3.775000
1767 2.297000
1768 3.027000
1768 3.040000
1768 2.157000
1768 1.840000
1768 2.433000
1768 1.729000
1768 2.552000
1768 2.046000
1768 1.504000
1768 2.558000
1768 2.020000
1768 2.286000
1769 3.760000
1769 2.527000
1769 2.225000
1769 3.105000
1769 1.753000
1769 1.727000
1769 3.669000
1769 1.604000
1769 1.598000
1769 2.395000
1769 2.267000
1769 2.291000
1770 4.275000
1770 4.129000
1770 2.276000
1770 3.516000
1770 1.270000
1770 3.395000
1770 2.658000
1770 3.140000
1770 1.510000
1770 1.603000
1770 2.726000
1770 2.870000
1771 4.287000
1771 3.218000
1771 3.237000
1771 2.647000
1771 3.088000
1771 1.403000
1771 1.435000
1771 2.246000
1771 1.515000
1771 1.721000
1771 2.952000
1771 3.506000
1772 4.624000
1772 5.963000
1772 2.206000
1772 1.524000
1772 1.844000
1772 2.429000
1772 1.409000
1772 1.641000
1772 1.334000
1772 1.386000
1772 2.582000
1772 2.624000
1773 2.933000
1773 3.021000
1773 2.083000
1773 2.095000
1773 2.537000
1773 1.259000
1773 1.085000
1773 1.162000
1773 1.676000
1773 1.874000
1773 4.817000
1773 3.787000
1774 4.557000
1774 5.124000
1774 2.779000
1774 3.849000
1774 2.535000
1774 3.891000
1774 3.806000
1774 1.947000
1774 2.115000
1774 2.625000
1774 4.483000
1774 3.271000
1775 3.435000
1775 3.139000
1775 2.394000
1775 1.538000
1775 1.846000
1775 2.805000
1775 1.058000
1775 1.093000
1775 1.459000
1775 2.116000
1775 4.560000
1775 2.404000
1776 4.467000
1776 3.762000
1776 2.388000
1776 1.404000
1776 5.237000
1776 2.433000
1776 1.303000
1776 3.437000
1776 2.065000
1776 2.152000
1776 2.788000
1776 2.934000
1777 3.110000
1777 5.268000
1777 2.307000
1777 1.401000
1777 2.117000
1777 1.607000
1777 1.078000
1777 1.269000
1777 2.692000
1777 3.464000
1777 2.276000
1777 2.725000
1778 3.544000
1778 3.569000
1778 4.151000
1778 1.690000
1778 1.673000
1778 3.975000
1778 2.216000
1778 2.658000
1778 2.350000
1778 3.608000
1778 2.675000
1778 2.361000
1779 2.802000
1779 4.959000
1779 3.017000
1779 3.086000
1779 1.863000
1779 2.140000
1779 1.858000
1779 1.478000
1779 1.809000
1779 1.544000
1779 2.258000
1779 3.256000
1780 3.438000
1780 3.179000
1780 2.381000
1780 3.058000
1780 1.419000
1780 2.981000
1780 1.300000
1780 3.131000
1780 2.104000
1780 1.873000
1780 2.596000
1780 3.558000
1781 4.948000
1781 3.581000
1781 2.443000
1781 2.076000
1781 1.838000
1781 1.385000
1781 1.696000
1781 1.004000
1781 3.690000
1781 1.282000
1781 1.676000
1781 4.427000
1782 3.547000
1782 4.862000
1782 2.221000
1782 2.154000
1782 1.474000
1782 1.517000
1782 2.960000
1782 2.487000
1782 1.728000
1782 1.826000
1782 2.473000
1782 3.358000
1783 5.293000
1783 3.683000
1783 2.597000
1783 1.564000
1783 2.906000
1783 1.541000
1783 1.343000
1783 1.613000
1783 1.439000
1783 2.621000
1783 2.200000
1783 3.133000
1784 3.347000
1784 2.842000
1784 3.258000
1784 1.272000
1784 1.538000
1784 1.800000
1784 1.803000
1784 2.595000
1784 1.068000
1784 1.680000
1784 2.522000
1784 3.343000
1785 2.754000
1785 2.408000
1785 4.215000
1785 1.450000
1785 2.088000
1785 2.653000
1785 2.215000
1785 2.046000
1785 1.143000
1785 1.732000
1785 2.261000
1785 1.909000
1786 2.436000
1786 2.463000
1786 2.270000
1786 3.079000
1786 2.387000
1786 1.295000
1786 2.311000
1786 3.350000
1786 2.933000
1786 1.438000
1786 3.837000
1786 2.506000
1787 3.176000
1787 2.842000
1787 3.126000
1787 1.522000
1787 1.364000
1787 2.099000
1787 2.425000
1787 1.437000
1787 1.563000
1787 3.312000
1787 2.844000
1787 2.631000
1788 2.993000
1788 4.039000
1788 3.057000
1788 2.657000
1788 1.336000
1788 1.262000
1788 2.916000
1788 1.532000
1788 1.261000
1788 2.132000
1788 1.682000
1788 5.827000
1789 4.039000
1789 2.576000
1789 1.595000
1789 1.507000
1789 2.228000
1789 1.042000
1789 1.922000
1789 1.298000
1789 1.189000
1789 1.836000
1789 1.586000
1789 1.606000
1790 1.940000
1790 2.598000
1790 1.914000
1790 2.314000
1790 1.057000
1790 1.226000
1790 1.657000
1790 1.269000
1790 1.524000
1790 1.297000
1790 1.565000
1790 2.899000
1791 5.035000
1791 2.440000
1791 2.249000
1791 1.617000
1791 1.256000
1791 1.314000
1791 1.059000
1791 0.807000
1791 1.248000
1791 1.019000
1791 1.793000
1791 1.568000
1792 2.516000
1792 2.434000
1792 1.692000
1792 1.368000
1792 1.101000
1792 1.406000
1792 1.362000
1792 1.395000
1792 1.072000
1792 1.390000
1792 2.145000
1792 2.524000
1793 2.674000
1793 2.624000
1793 2.145000
1793 1.904000
1793 1.544000
1793 1.910000
1793 2.864000
1793 1.746000
1793 2.325000
1793 1.661000
1793 3.635000
1793 2.261000
1794 3.869000
1794 5.138000
1794 1.805000
1794 1.219000
1794 1.063000
1794 1.159000
1794 1.283000
1794 0.989000
1794 1.570000
1794 1.290000
1794 2.087000
1794 2.276000
1795 2.506000
1795 3.336000
1795 1.959000
1795 1.880000
1795 2.444000
1795 0.987000
1795 2.165000
1795 1.135000
1795 1.397000
1795 2.202000
1795 2.269000
1795 2.240000
1796 2.096000
1796 2.019000
1796 2.044000
1796 1.160000
1796 0.955000
1796 2.923000
1796 0.964000
1796 2.777000
1796 1.919000
1796 1.283000
1796 1.456000
1796 3.452000
1797 2.397000
1797 2.564000
1797 2.948000
1797 3.311000
1797 2.432000
1797 1.014000
1797 1.613000
1797 1.713000
1797 1.772000
1797 1.332000
1797 1.727000
1797 1.725000
1798 1.967000
1798 2.034000
1798 2.537000
1798 1.850000
1798 2.029000
1798 0.793000
1798 1.281000
1798 2.047000
1798 1.687000
1798 1.024000
1798 2.629000
1798 2.962000
1799 2.229000
1799 2.891000
1799 1.562000
1799 2.533000
1799 1.545000
1799 0.873000
1799 1.308000
1799 1.083000
1799 1.378000
1799 1.369000
1799 1.894000
1799 2.196000
1800 1.844000
1800 2.600000
1800 2.613000
1800 2.168000
1800 1.725000
1800 1.169000
1800 0.933000
1800 1.417000
1800 1.620000
1800 1.643000
1800 1.264000
1800 1.628000
1801 1.922000
1801 2.045000
1801 1.336000
1801 1.619000
1801 1.541000
1801 0.877000
1801 1.560000
1801 1.223000
1801 1.384000
1801 1.267000
1801 1.681000
1801 2.525000
1802 1.905000
1802 2.053000
1802 2.706000
1802 1.464000
1802 1.820000
1802 1.253000
1802 1.155000
1802 1.586000
1802 2.141000
1802 1.612000
1802 2.146000
1802 2.347000
1803 2.026000
1803 2.887000
1803 2.061000
1803 1.914000
1803 0.898000
1803 0.766000
1803 0.944000
1803 1.252000
1803 1.259000
1803 1.479000
1803 1.843000
1803 2.269000
1804 2.683000
1804 2.293000
1804 2.186000
1804 1.117000
1804 1.274000
1804 1.580000
1804 1.318000
1804 1.080000
1804 2.644000
1804 1.231000
1804 2.099000
1804 2.597000
1805 2.512000
1805 2.455000
1805 1.498000
1805 1.291000
1805 1.216000
1805 1.368000
1805 1.151000
1805 1.021000
1805 1.831000
1805 1.603000
1805 2.399000
1805 1.922000
1806 2.167000
1806 2.079000
1806 1.557000
1806 1.772000
1806 1.426000
1806 0.837000
1806 1.505000
1806 1.361000
1806 1.753000
1806 1.113000
1806 1.542000
1806 1.729000
1807 2.393000
1807 2.677000
1807 2.253000
1807 1.260000
1807 0.930000
1807 1.271000
1807 1.605000
1807 1.525000
1807 1.180000
1807 1.193000
1807 1.588000
1807 1.232000
1808 4.111000
1808 2.175000
1808 3.020000
1808 1.459000
1808 2.068000
1808 1.585000
1808 1.676000
1808 1.227000
1808 1.688000
1808 1.480000
1808 1.772000
1808 1.701000
1809 2.590000
1809 2.818000
1809 1.666000
1809 2.498000
1809 1.304000
1809 1.348000
1809 1.481000
1809 1.667000
1809 1.633000
1809 3.554000
1809 2.478000
1809 2.588000
1810 3.258000
1810 2.403000
1810 4.457000
1810 2.229000
1810 1.907000
1810 2.281000
1810 2.016000
1810 1.212000
1810 1.247000
1810 1.989000
1810 2.640000
1810 2.093000
1811 2.323000
1811 3.475000
1811 1.808000
1811 1.422000
1811 1.663000
1811 1.706000
1811 1.383000
1811 2.289000
1811 1.931000
1811 2.863000
1811 1.802000
1811 2.484000
1812 4.545000
1812 3.062000
1812 1.805000
1812 1.984000
1812 1.279000
1812 1.174000
1812 1.463000
1812 1.746000
1812 2.052000
1812 1.793000
1812 2.585000
1812 2.139000
1813 2.191000
1813 1.958000
1813 1.622000
1813 1.486000
1813 3.826000
1813 1.138000
1813 0.877000
1813 0.995000
1813 1.743000
1813 1.565000
1813 1.315000
1813 1.790000
1814 2.622000
1814 2.121000
1814 2.259000
1814 1.500000
1814 2.321000
1814 0.989000
1814 1.852000
1814 1.453000
1814 1.332000
1814 1.847000
1814 3.428000
1814 4.298000
1815 2.033000
1815 2.386000
1815 2.328000
1815 2.341000
1815 1.812000
1815 1.242000
1815 2.371000
1815 1.348000
1815 1.503000
1815 2.295000
1815 1.732000
1815 2.207000
1816 2.724000
1816 2.947000
1816 1.928000
1816 2.129000
1816 1.804000
1816 1.087000
1816 1.538000
1816 1.257000
1816 0.707000
1816 3.583000
1816 3.810000
1816 2.801000
1817 2.451000
1817 2.547000
1817 2.153000
1817 1.836000
1817 1.394000
1817 1.250000
1817 1.057000
1817 1.307000
1817 1.178000
1817 1.963000
1817 1.691000
1817 1.673000
1818 1.775000
1818 1.912000
1818 2.177000
1818 2.662000
1818 1.457000
1818 2.260000
1818 1.900000
1818 0.996000
1818 1.063000
1818 1.704000
1818 2.807000
1818 1.236000
1819 1.984000
1819 1.995000
1819 2.930000
1819 1.344000
1819 1.112000
1819 1.539000
1819 1.170000
1819 1.124000
1819 1.052000
1819 1.223000
1819 1.627000
1819 1.883000
1820 3.900000
1820 2.004000
1820 1.945000
1820 1.168000
1820 1.256000
1820 0.912000
1820 1.375000
1820 1.317000
1820 1.176000
1820 1.605000
1820 1.074000
1820 1.693000
1821 1.549000
1821 2.018000
1821 1.275000
1821 0.858000
1821 1.392000
1821 1.424000
1821 1.289000
1821 1.482000
1821 1.219000
1821 0.924000
1821 1.802000
1821 1.278000
1822 2.416000
1822 1.830000
1822 2.016000
1822 1.295000
1822 1.159000
1822 0.899000
1822 1.068000
1822 0.896000
1822 0.869000
1822 1.163000
1822 1.345000
1822 1.547000
1823 1.796000
1823 1.930000
1823 1.192000
1823 1.677000
1823 0.922000
1823 1.125000
1823 1.026000
1823 0.694000
1823 1.083000
1823 1.240000
1823 2.079000
1823 1.583000
1824 1.432000
1824 1.784000
1824 1.355000
1824 1.288000
1824 1.136000
1824 1.953000
1824 2.158000
1824 0.924000
1824 1.557000
1824 0.774000
1824 1.199000
1824 1.814000
1825 1.913000
1825 1.479000
1825 1.646000
1825 1.964000
1825 1.325000
1825 1.049000
1825 1.163000
1825 1.335000
1825 0.978000
1825 1.261000
1825 2.412000
1825 1.569000
1826 1.680000
1826 1.619000
1826 1.669000
1826 2.204000
1826 0.826000
1826 1.539000
1826 1.134000
1826 1.511000
1826 1.779000
1826 1.789000
1826 1.145000
1826 1.820000
1827 2.328000
1827 1.952000
1827 1.356000
1827 2.669000
1827 1.393000
1827 1.228000
1827 0.662000
1827 0.790000
1827 0.660000
1827 1.222000
1827 1.236000
1827 1.827000
1828 2.036000
1828 2.002000
1828 1.871000
1828 1.471000
1828 1.412000
1828 1.081000
1828 1.753000
1828 0.975000
1828 1.078000
1828 1.832000
1828 1.765000
1828 2.505000
1829 1.931000
1829 1.959000
1829 1.294000
1829 1.000000
1829 1.123000
1829 1.312000
1829 0.912000
1829 0.860000
1829 0.776000
1829 1.312000
1829 1.449000
1829 1.909000
1830 2.346000
1830 1.896000
1830 1.369000
1830 1.098000
1830 1.010000
1830 1.718000
1830 1.839000
1830 0.643000
1830 1.023000
1830 1.180000
1830 1.728000
1830 1.327000
1831 2.217000
1831 3.541000
1831 1.616000
1831 0.908000
1831 1.285000
1831 1.882000
1831 1.172000
1831 0.793000
1831 0.954000
1831 1.068000
1831 1.358000
1831 1.584000
1832 1.757000
1832 1.656000
1832 1.374000
1832 1.059000
1832 1.252000
1832 1.126000
1832 2.067000
1832 1.309000
1832 1.194000
1832 0.983000
1832 1.914000
1832 2.794000
1833 1.760000
1833 1.354000
1833 1.367000
1833 1.076000
1833 0.961000
1833 0.883000
1833 1.420000
1833 0.835000
1833 0.819000
1833 1.108000
1833 1.388000
1833 1.831000
1834 2.032000
1834 1.483000
1834 1.280000
1834 1.110000
1834 0.697000
1834 0.761000
1834 1.186000
1834 0.866000
1834 0.731000
1834 0.773000
1834 1.849000
1834 1.059000
1835 1.755000
1835 1.464000
1835 1.136000
1835 1.079000
1835 1.447000
1835 0.992000
1835 0.693000
1835 0.805000
1835 0.925000
1835 1.021000
1835 1.419000
1835 2.568000
1836 1.698000
1836 1.611000
1836 1.208000
1836 0.983000
1836 1.297000
1836 0.893000
1836 0.600000
1836 1.362000
1836 0.975000
1836 1.131000
1836 1.192000
1836 1.083000
1837 2.033000
1837 1.893000
1837 1.326000
1837 1.017000
1837 1.574000
1837 0.798000
1837 1.618000
1837 1.224000
1837 0.664000
1837 0.851000
1837 1.307000
1837 1.186000
1838 1.999000
1838 1.622000
1838 1.472000
1838 1.339000
1838 0.822000
1838 0.631000
1838 0.884000
1838 0.986000
1838 0.889000
1838 1.021000
1838 1.044000
1838 1.239000
1839 1.681000
1839 1.546000
1839 1.493000
1839 0.920000
1839 0.680000
1839 0.839000
1839 0.942000
1839 1.296000
1839 0.714000
1839 0.972000
1839 1.451000
1839 1.619000
1840 1.468000
1840 1.561000
1840 1.469000
1840 0.776000
1840 0.698000
1840 1.028000
1840 0.462000
1840 0.936000
1840 0.586000
1840 0.853000
1840 0.982000
1840 1.075000
1841 1.761000
1841 1.602000
1841 1.324000
1841 0.942000
1841 0.573000
1841 0.640000
1841 0.737000
1841 0.749000
1841 0.583000
1841 0.654000
1841 0.878000
1841 0.981000
1842 1.640000
1842 1.560000
1842 1.164000
1842 0.760000
1842 0.643000
1842 0.661000
1842 0.509000
1842 0.642000
1842 0.677000
1842 0.759000
1842 0.792000
1842 0.963000
1843 1.212000
1843 1.045000
1843 0.880000
1843 0.691000
1843 0.636000
1843 0.523000
1843 0.545000
1843 0.564000
1843 0.534000
1843 0.596000
1843 0.775000
1843 0.997000
1844 1.170000
1844 1.137000
1844 0.999000
1844 0.810000
1844 0.648000
1844 0.724000
1844 0.605000
1844 0.692000
1844 0.817000
1844 0.919000
1844 1.327000
1844 1.264000
1845 1.364000
1845 1.226000
1845 0.882000
1845 0.731000
1845 0.772000
1845 0.631000
1845 0.725000
1845 0.561000
1845 0.536000
1845 0.652000
1845 1.155000
1845 1.343000
1846 1.470000
1846 1.177000
1846 1.031000
1846 1.729000
1846 0.844000
1846 1.143000
1846 0.737000
1846 0.765000
1846 0.716000
1846 0.876000
1846 1.039000
1846 1.094000
1847 1.269000
1847 1.383000
1847 1.583000
1847 0.998000
1847 0.752000
1847 0.428000
1847 0.600000
1847 0.657000
1847 0.528000
1847 0.844000
1847 0.778000
1847 0.988000
1848 1.341000
1848 1.437000
1848 0.967000
1848 1.054000
1848 0.584000
1848 0.583000
1848 0.613000
1848 0.709000
1848 0.623000
1848 0.837000
1848 0.748000
1848 0.960000
1849 1.308000
1849 1.345000
1849 1.060000
1849 0.845000
1849 0.644000
1849 0.659000
1849 0.678000
1849 0.902000
1849 0.568000
1849 0.733000
1849 1.313000
1849 0.908000
1850 1.105000
1850 1.275000
1850 0.955000
1850 0.665000
1850 0.617000
1850 0.614000
1850 0.614000
1850 0.802000
1850 0.675000
1850 0.863000
1850 1.149000
1850 1.183000
1851 1.122000
1851 1.100000
1851 0.971000
1851 0.829000
1851 0.936000
1851 0.655000
1851 0.606000
1851 0.775000
1851 0.581000
1851 1.058000
1851 0.968000
1851 0.982000
1852 1.389000
1852 1.115000
1852 0.915000
1852 1.158000
1852 0.855000
1852 0.636000
1852 0.778000
1852 0.766000
1852 0.689000
1852 0.654000
1852 0.693000
1852 1.371000
1853 1.108000
1853 1.492000
1853 0.918000
1853 0.824000
1853 0.743000
1853 0.674000
1853 0.659000
1853 0.723000
1853 0.749000
1853 0.546000
1853 0.868000
1853 0.716000
1854 0.977000
1854 1.080000
1854 0.789000
1854 0.674000
1854 0.638000
1854 0.533000
1854 0.850000
1854 0.898000
1854 0.552000
1854 0.964000
1854 0.786000
1854 1.167000
1855 1.465000
1855 1.322000
1855 0.898000
1855 1.034000
1855 0.799000
1855 0.790000
1855 0.635000
1855 0.601000
1855 0.638000
1855 0.778000
1855 0.690000
1855 0.996000
1856 0.752000
1856 0.953000
1856 0.735000
1856 0.570000
1856 0.915000
1856 0.778000
1856 0.422000
1856 0.866000
1856 0.884000
1856 0.759000
1856 0.577000
1856 0.918000
1857 0.924000
1857 0.885000
1857 0.844000
1857 0.543000
1857 0.681000
1857 0.798000
1857 0.792000
1857 0.795000
1857 0.672000
1857 0.726000
1857 0.636000
1857 0.717000
1858 1.094000
1858 0.662000
1858 0.757000
1858 0.661000
1858 0.624000
1858 0.688000
1858 0.754000
1858 0.558000
1858 0.517000
1858 0.620000
1858 0.774000
1858 0.688000
1859 1.007000
1859 1.000000
1859 0.916000
1859 0.617000
1859 0.616000
1859 0.514000
1859 0.567000
1859 0.468000
1859 0.365000
1859 0.638000
1859 0.572000
1859 0.816000
1860 0.860000
1860 0.750000
1860 0.870000
1860 0.460000
1860 0.744000
1860 0.548000
1860 0.471000
1860 0.503000
1860 0.535000
1860 0.466000
1860 0.555000
1860 0.750000
1861 0.846000
1861 0.755000
1861 0.759000
1861 0.699000
1861 0.538000
1861 0.798000
1861 0.477000
1861 0.576000
1861 0.501000
1861 0.494000
1861 0.482000
1861 0.916000
1862 1.105000
1862 0.712000
1862 0.661000
1862 0.827000
1862 0.580000
1862 0.535000
1862 0.445000
1862 0.504000
1862 0.519000
1862 0.618000
1862 0.751000
1862 1.010000
1863 1.228000
1863 1.099000
1863 0.783000
1863 0.792000
1863 0.687000
1863 0.542000
1863 0.642000
1863 0.523000
1863 0.556000
1863 0.521000
1863 0.515000
1863 1.088000
1864 0.876000
1864 1.050000
1864 0.767000
1864 0.622000
1864 0.531000
1864 0.730000
1864 0.570000
1864 0.566000
1864 0.546000
1864 0.484000
1864 0.699000
1864 0.676000
1865 0.956000
1865 0.832000
1865 0.768000
1865 0.643000
1865 0.488000
1865 0.586000
1865 0.542000
1865 0.535000
1865 0.554000
1865 0.444000
1865 0.710000
1865 0.888000
1866 0.861000
1866 0.854000
1866 0.711000
1866 0.531000
1866 0.566000
1866 0.432000
1866 0.440000
1866 0.629000
1866 0.496000
1866 0.512000
1866 0.526000
1866 0.714000
1867 0.941000
1867 0.936000
1867 0.650000
1867 0.611000
1867 0.414000
1867 0.482000
1867 0.401000
1867 0.417000
1867 0.458000
1867 0.479000
1867 0.784000
1867 1.045000
1868 0.795000
1868 0.849000
1868 0.578000
1868 0.493000
1868 0.494000
1868 0.375000
1868 0.431000
1868 0.552000
1868 0.418000
1868 0.428000
1868 0.504000
1868 0.639000
1869 1.028000
1869 0.820000
1869 0.631000
1869 0.758000
1869 0.642000
1869 0.532000
1869 0.449000
1869 0.437000
1869 0.382000
1869 0.456000
1869 0.499000
1869 0.514000
1870 0.808000
1870 0.704000
1870 0.568000
1870 0.524000
1870 0.579000
1870 0.486000
1870 0.400000
1870 0.411000
1870 0.412000
1870 0.542000
1870 0.529000
1870 0.639000
1871 0.793000
1871 0.940000
1871 0.649000
1871 0.461000
1871 0.451000
1871 0.392000
1871 0.382000
1871 0.449000
1871 0.516000
1871 0.412000
1871 0.825000
1871 0.573000
1872 0.996000
1872 0.856000
1872 0.611000
1872 0.538000
1872 0.503000
1872 0.434000
1872 0.478000
1872 0.485000
1872 0.368000
1872 0.394000
1872 0.493000
1872 0.913000
1873 0.706000
1873 0.749000
1873 0.696000
1873 0.616000
1873 0.420000
1873 0.495000
1873 0.407000
1873 0.438000
1873 0.436000
1873 0.432000
1873 0.545000
1873 0.666000
1874 0.825000
1874 0.724000
1874 0.592000
1874 0.390000
1874 0.411000
1874 0.467000
1874 0.419000
1874 0.382000
1874 0.366000
1874 0.475000
1874 0.626000
1874 0.538000
1875 0.672000
1875 0.718000
1875 0.461000
1875 0.380000
1875 0.376000
1875 0.418000
1875 0.397000
1875 0.433000
1875 0.394000
1875 0.390000
1875 0.366000
1875 0.413000
1876 0.503000
1876 0.505000
1876 0.515000
1876 0.412000
1876 0.513000
1876 0.280000
1876 0.369000
1876 0.407000
1876 0.377000
1876 0.327000
1876 0.414000
1876 0.580000
1877 0.708000
1877 0.584000
1877 0.487000
1877 0.429000
1877 0.400000
1877 0.464000
1877 0.402000
1877 0.383000
1877 0.418000
1877 0.273000
1877 0.479000
1877 0.444000
1878 0.461000
1878 0.563000
1878 0.477000
1878 0.431000
1878 0.419000
1878 0.380000
1878 0.378000
1878 0.465000
1878 0.375000
1878 0.306000
1878 0.429000
1878 0.415000
1879 0.658000
1879 0.672000
1879 0.461000
1879 0.458000
1879 0.388000
1879 0.459000
1879 0.379000
1879 0.426000
1879 0.357000
1879 0.331000
1879 0.376000
1879 0.596000
1880 0.572000
1880 0.491000
1880 0.468000
1880 0.456000
1880 0.389000
1880 0.436000
1880 0.396000
1880 0.384000
1880 0.289000
1880 0.296000
1880 0.386000
1880 0.416000
1881 0.634000
1881 0.595000
1881 0.520000
1881 0.362000
1881 0.406000
1881 0.357000
1881 0.344000
1881 0.376000
1881 0.287000
1881 0.315000
1881 0.397000
1881 0.439000
1882 0.486000
1882 0.427000
1882 0.498000
1882 0.369000
1882 0.337000
1882 0.298000
1882 0.334000
1882 0.433000
1882 0.287000
1882 0.327000
1882 0.359000
1882 0.404000
1883 0.530000
1883 0.498000
1883 0.421000
1883 0.424000
1883 0.354000
1883 0.294000
1883 0.355000
1883 0.340000
1883 0.327000
1883 0.249000
1883 0.293000
1883 0.363000
1884 0.472000
1884 0.486000
1884 0.476000
1884 0.311000
1884 0.353000
1884 0.382000
1884 0.375000
1884 0.410000
1884 0.392000
1884 0.307000
1884 0.383000
1884 0.408000
1885 0.664000
1885 0.578000
1885 0.381000
1885 0.398000
1885 0.391000
1885 0.304000
1885 0.369000
1885 0.445000
1885 0.365000
1885 0.347000
1885 0.377000
1885 0.481000
1886 0.545000
1886 0.453000
1886 0.346000
1886 0.299000
1886 0.468000
1886 0.318000
1886 0.354000
1886 0.369000
1886 0.323000
1886 0.355000
1886 0.353000
1886 0.449000
1887 0.568000
1887 0.464000
1887 0.433000
1887 0.333000
1887 0.396000
1887 0.327000
1887 0.343000
1887 0.358000
1887 0.378000
1887 0.263000
1887 0.382000
1887 0.460000
1888 0.375000
1888 0.456000
1888 0.401000
1888 0.429000
1888 0.389000
1888 0.395000
1888 0.321000
1888 0.436000
1888 0.344000
1888 0.286000
1888 0.361000
1888 0.396000
1889 0.458000
1889 0.399000
1889 0.419000
1889 0.332000
1889 0.372000
1889 0.275000
1889 0.327000
1889 0.383000
1889 0.339000
1889 0.282000
1889 0.440000
1889 0.412000
1890 0.401000
1890 0.373000
1890 0.377000
1890 0.357000
1890 0.373000
1890 0.352000
1890 0.354000
1890 0.352000
1890 0.324000
1890 0.238000
1890 0.273000
1890 0.342000
1891 0.351000
1891 0.398000
1891 0.331000
1891 0.284000
1891 0.388000
1891 0.253000
1891 0.338000
1891 0.365000
1891 0.264000
1891 0.281000
1891 0.353000
1891 0.418000
1892 0.399000
1892 0.326000
1892 0.390000
1892 0.301000
1892 0.360000
1892 0.279000
1892 0.328000
1892 0.353000
1892 0.260000
1892 0.268000
1892 0.331000
1892 0.471000
1893 0.488000
1893 0.365000
1893 0.400000
1893 0.294000
1893 0.365000
1893 0.287000
1893 0.339000
1893 0.367000
1893 0.295000
1893 0.263000
1893 0.281000
1893 0.399000
1894 0.372000
1894 0.354000
1894 0.398000
1894 0.355000
1894 0.293000
1894 0.276000
1894 0.311000
1894 0.364000
1894 0.279000
1894 0.223000
1894 0.282000
1894 0.300000
1895 0.280000
1895 0.329000
1895 0.318000
1895 0.285000
1895 0.321000
1895 0.266000
1895 0.312000
1895 0.360000
1895 0.294000
1895 0.224000
1895 0.268000
1895 0.334000
1896 0.392000
1896 0.288000
1896 0.302000
1896 0.347000
1896 0.339000
1896 0.267000
1896 0.328000
1896 0.369000
1896 0.277000
1896 0.229000
1896 0.296000
1896 0.272000
1897 0.360000
1897 0.281000
1897 0.290000
1897 0.277000
1897 0.306000
1897 0.355000
1897 0.370000
1897 0.392000
1897 0.254000
1897 0.251000
1897 0.349000
1897 0.281000
1898 0.310000
1898 0.314000
1898 0.271000
1898 0.337000
1898 0.306000
1898 0.421000
1898 0.367000
1898 0.414000
1898 0.322000
1898 0.247000
1898 0.274000
1898 0.325000
1899 0.326000
1899 0.420000
1899 0.293000
1899 0.345000
1899 0.310000
1899 0.290000
1899 0.333000
1899 0.394000
1899 0.282000
1899 0.252000
1899 0.310000
1899 0.342000
1900 0.276000
1900 0.416000
1900 0.261000
1900 0.292000
1900 0.357000
1900 0.282000
1900 0.345000
1900 0.383000
1900 0.293000
1900 0.255000
1900 0.276000
1900 0.341000
1901 0.291000
1901 0.418000
1901 0.251000
1901 0.326000
1901 0.339000
1901 0.283000
1901 0.350000
1901 0.343000
1901 0.305000
1901 0.239000
1901 0.263000
1901 0.267000
1902 0.256000
1902 0.354000
1902 0.228000
1902 0.321000
1902 0.341000
1902 0.264000
1902 0.356000
1902 0.357000
1902 0.289000
1902 0.210000
1902 0.267000
1902 0.270000
1903 0.224000
1903 0.247000
1903 0.212000
1903 0.292000
1903 0.305000
1903 0.268000
1903 0.366000
1903 0.377000
1903 0.360000
1903 0.202000
1903 0.268000
1903 0.359000
1904 0.387000
1904 0.348000
1904 0.268000
1904 0.284000
1904 0.287000
1904 0.248000
1904 0.296000
1904 0.327000
1904 0.265000
1904 0.212000
1904 0.224000
1904 0.291000
1905 0.345000
1905 0.303000
1905 0.235000
1905 0.255000
1905 0.280000
1905 0.264000
1905 0.307000
1905 0.327000
1905 0.252000
1905 0.239000
1905 0.282000
1905 0.256000
1906 0.313000
1906 0.323000
1906 0.200000
1906 0.242000
1906 0.290000
1906 0.289000
1906 0.323000
1906 0.340000
1906 0.237000
1906 0.182000
1906 0.192000
1906 0.368000
1907 0.274000
1907 0.268000
1907 0.209000
1907 0.263000
1907 0.280000
1907 0.267000
1907 0.307000
1907 0.326000
1907 0.243000
1907 0.191000
1907 0.207000
1907 0.251000
1908 0.252000
1908 0.269000
1908 0.317000
1908 0.295000
1908 0.285000
1908 0.248000
1908 0.303000
1908 0.336000
1908 0.252000
1908 0.209000
1908 0.221000
1908 0.310000
1909 0.314000
1909 0.273000
1909 0.249000
1909 0.269000
1909 0.300000
1909 0.232000
1909 0.299000
1909 0.319000
1909 0.237000
1909 0.178000
1909 0.205000
1909 0.278000
1910 0.240000
1910 0.273000
1910 0.213000
1910 0.252000
1910 0.310000
1910 0.232000
1910 0.322000
1910 0.321000
1910 0.243000
1910 0.203000
1910 0.223000
1910 0.289000
1911 0.330000
1911 0.214000
1911 0.199000
1911 0.248000
1911 0.279000
1911 0.231000
1911 0.292000
1911 0.329000
1911 0.233000
1911 0.193000
1911 0.184000
1911 0.242000
1912 0.309000
1912 0.251000
1912 0.226000
1912 0.262000
1912 0.308000
1912 0.250000
1912 0.293000
1912 0.318000
1912 0.252000
1912 0.201000
1912 0.188000
1912 0.243000
1913 0.295000
1913 0.295000
1913 0.219000
1913 0.246000
1913 0.288000
1913 0.266000
1913 0.298000
1913 0.325000
1913 0.237000
1913 0.194000
1913 0.213000
1913 0.271000
1914 0.307000
1914 0.225000
1914 0.221000
1914 0.244000
1914 0.284000
1914 0.233000
1914 0.307000
1914 0.318000
1914 0.230000
1914 0.183000
1914 0.195000
1914 0.276000
1915 0.246000
1915 0.261000
1915 0.209000
1915 0.251000
1915 0.286000
1915 0.249000
1915 0.295000
1915 0.326000
1915 0.259000
1915 0.190000
1915 0.185000
1915 0.197000
1916 0.242000
1916 0.264000
1916 0.307000
1916 0.257000
1916 0.294000
1916 0.232000
1916 0.301000
1916 0.323000
1916 0.247000
1916 0.218000
1916 0.214000
1916 0.226000
1917 0.252000
1917 0.314000
1917 0.231000
1917 0.272000
1917 0.294000
1917 0.243000
1917 0.296000
1917 0.319000
1917 0.242000
1917 0.173000
1917 0.226000
1917 0.266000
1918 0.251000
1918 0.342000
1918 0.257000
1918 0.258000
1918 0.304000
1918 0.242000
1918 0.301000
1918 0.329000
1918 0.256000
1918 0.209000
1918 0.225000
1918 0.245000
1919 0.252000
1919 0.285000
1919 0.270000
1919 0.292000
1919 0.286000
1919 0.241000
1919 0.299000
1919 0.335000
1919 0.250000
1919 0.216000
1919 0.230000
1919 0.245000
1920 0.250000
1920 0.268000
1920 0.231000
1920 0.272000
1920 0.310000
1920 0.245000
1920 0.305000
1920 0.343000
1920 0.258000
1920 0.212000
1920 0.229000
1920 0.229000
1921 0.320000
1921 0.236000
1921 0.276000
1921 0.262000
1921 0.282000
1921 0.239000
1921 0.302000
1921 0.326000
1921 0.240000
1921 0.188000
1921 0.198000
1921 0.213000
1922 0.214000
1922 0.271000
1922 0.223000
1922 0.276000
1922 0.285000
1922 0.241000
1922 0.306000
1922 0.333000
1922 0.255000
1922 0.219000
1922 0.246000
1922 0.234000
1923 0.276000
1923 0.262000
1923 0.226000
1923 0.240000
1923 0.292000
1923 0.259000
1923 0.300000
1923 0.340000
1923 0.256000
1923 0.191000
1923 0.179000
1923 0.216000
1924 0.290000
1924 0.288000
1924 0.208000
1924 0.267000
1924 0.298000
1924 0.241000
1924 0.307000
1924 0.326000
1924 0.232000
1924 0.182000
1924 0.200000
1924 0.243000
1925 0.228000
1925 0.236000
1925 0.224000
1925 0.244000
1925 0.286000
1925 0.220000
1925 0.300000
1925 0.320000
1925 0.235000
1925 0.193000
1925 0.196000
1925 0.207000
1926 0.258000
1926 0.211000
1926 0.178000
1926 0.259000
1926 0.295000
1926 0.231000
1926 0.287000
1926 0.321000
1926 0.242000
1926 0.200000
1926 0.208000
1926 0.222000
1927 0.268000
1927 0.244000
1927 0.223000
1927 0.239000
1927 0.297000
1927 0.230000
1927 0.302000
1927 0.340000
1927 0.240000
1927 0.200000
1927 0.192000
1927 0.212000
1928 0.211000
1928 0.241000
1928 0.191000
1928 0.276000
1928 0.321000
1928 0.238000
1928 0.297000
1928 0.327000
1928 0.235000
1928 0.193000
1928 0.231000
1928 0.222000
1929 0.289000
1929 0.229000
1929 0.191000
1929 0.265000
1929 0.294000
1929 0.232000
1929 0.314000
1929 0.330000
1929 0.255000
1929 0.195000
1929 0.207000
1929 0.220000
1930 0.226000
1930 0.236000
1930 0.191000
1930 0.242000
1930 0.292000
1930 0.231000
1930 0.301000
1930 0.327000
1930 0.247000
1930 0.187000
1930 0.202000
1930 0.194000
1931 0.225000
1931 0.224000
1931 0.186000
1931 0.234000
1931 0.281000
1931 0.240000
1931 0.302000
1931 0.330000
1931 0.250000
1931 0.197000
1931 0.198000
1931 0.186000
1932 0.223000
1932 0.221000
1932 0.204000
1932 0.263000
1932 0.300000
1932 0.257000
1932 0.306000
1932 0.331000
1932 0.268000
1932 0.232000
1932 0.186000
1932 0.196000
1933 0.226000
1933 0.210000
1933 0.185000
1933 0.272000
1933 0.288000
1933 0.241000
1933 0.300000
1933 0.321000
1933 0.244000
1933 0.232000
1933 0.201000
1933 0.192000
1934 0.231000
1934 0.251000
1934 0.201000
1934 0.259000
1934 0.276000
1934 0.240000
1934 0.296000
1934 0.322000
1934 0.238000
1934 0.192000
1934 0.182000
1934 0.193000
1935 0.204000
1935 0.217000
1935 0.187000
1935 0.256000
1935 0.277000
1935 0.230000
1935 0.292000
1935 0.332000
1935 0.239000
1935 0.198000
1935 0.191000
1935 0.208000
1936 0.221000
1936 0.236000
1936 0.194000
1936 0.258000
1936 0.279000
1936 0.243000
1936 0.299000
1936 0.325000
1936 0.246000
1936 0.220000
1936 0.188000
1936 0.208000
1937 0.196000
1937 0.220000
1937 0.219000
1937 0.242000
1937 0.288000
1937 0.236000
1937 0.298000
1937 0.325000
1937 0.247000
1937 0.200000
1937 0.199000
1937 0.211000
1938 0.194000
1938 0.225000
1938 0.192000
1938 0.249000
1938 0.297000
1938 0.238000
1938 0.295000
1938 0.325000
1938 0.249000
1938 0.194000
1938 0.215000
1938 0.213000
1939 0.198000
1939 0.201000
1939 0.196000
1939 0.252000
1939 0.298000
1939 0.256000
1939 0.291000
1939 0.324000
1939 0.247000
1939 0.185000
1939 0.194000
1939 0.206000
1940 0.200000
1940 0.204000
1940 0.180000
1940 0.247000
1940 0.296000
1940 0.231000
1940 0.295000
1940 0.323000
1940 0.234000
1940 0.187000
1940 0.186000
1940 0.190000
1941 0.199000
1941 0.202000
1941 0.186000
1941 0.240000
1941 0.282000
1941 0.232000
1941 0.291000
1941 0.322000
1941 0.232000
1941 0.175000
1941 0.181000
1941 0.192000
1942 0.221000
1942 0.204000
1942 0.186000
1942 0.238000
1942 0.281000
1942 0.220000
1942 0.293000
1942 0.318000
1942 0.233000
1942 0.186000
1942 0.184000
1942 0.190000
1943 0.195000
1943 0.199000
1943 0.184000
1943 0.243000
1943 0.277000
1943 0.230000
1943 0.300000
1943 0.313000
1943 0.227000
1943 0.176000
1943 0.188000
1943 0.187000
1944 0.185000
1944 0.222000
1944 0.205000
1944 0.243000
1944 0.275000
1944 0.222000
1944 0.284000
1944 0.308000
1944 0.229000
1944 0.170000
1944 0.178000
1944 0.181000
1945 0.186000
1945 0.194000
1945 0.171000
1945 0.236000
1945 0.269000
1945 0.231000
1945 0.287000
1945 0.317000
1945 0.227000
1945 0.171000
1945 0.172000
1945 0.183000
1946 0.188000
1946 0.206000
1946 0.171000
1946 0.223000
1946 0.273000
1946 0.237000
1946 0.289000
1946 0.319000
1946 0.233000
1946 0.170000
1946 0.179000
1946 0.181000
1947 0.184000
1947 0.191000
1947 0.183000
1947 0.227000
1947 0.266000
1947 0.216000
1947 0.284000
1947 0.305000
1947 0.221000
1947 0.164000
1947 0.187000
1947 0.177000
1948 0.180000
1948 0.198000
1948 0.161000
1948 0.215000
1948 0.257000
1948 0.214000
1948 0.276000
1948 0.298000
1948 0.220000
1948 0.167000
1948 0.162000
1948 0.167000
1949 0.170000
1949 0.185000
1949 0.177000
1949 0.226000
1949 0.255000
1949 0.209000
1949 0.270000
1949 0.295000
1949 0.212000
1949 0.158000
1949 0.164000
1949 0.178000
1950 0.173000
1950 0.182000
1950 0.150000
1950 0.192000
1950 0.217000
1950 0.196000
1950 0.239000
1950 0.228000
1950 0.204000
1950 0.164000
1950 0.139000
1950 0.152000
1951 0.132000
1951 0.149000
1951 0.141000
1951 0.175000
1951 0.230000
1951 0.238000
1951 0.240000
1951 0.251000
1951 0.216000
1951 0.123000
1951 0.161000
1951 0.154000
1952 0.144000
1952 0.180000
1952 0.168000
1952 0.225000
1952 0.264000
1952 0.218000
1952 0.276000
1952 0.302000
1952 0.220000
1952 0.166000
1952 0.168000
1952 0.174000
1953 0.166000
1953 0.187000
1953 0.161000
1953 0.228000
1953 0.264000
1953 0.216000
1953 0.284000
1953 0.305000
1953 0.223000
1953 0.161000
1953 0.168000
1953 0.182000
1954 0.148000
1954 0.182000
1954 0.180000
1954 0.218000
1954 0.217000
1954 0.187000
1954 0.228000
1954 0.248000
1954 0.204000
1954 0.144000
1954 0.143000
1954 0.147000
1955 0.152000
1955 0.141000
1955 0.121000
1955 0.160000
1955 0.209000
1955 0.148000
1955 0.177000
1955 0.216000
1955 0.162000
1955 0.107000
1955 0.135000
1955 0.115000
1956 0.099000
1956 0.168000
1956 0.109000
1956 0.144000
1956 0.195000
1956 0.089000
1956 0.093000
1956 0.082000
1956 0.135000
1956 0.093000
1956 0.134000
1956 0.109000
1957 0.100000
1957 0.108000
1957 0.085000
1957 0.187000
1957 0.138000
1957 0.193000
1957 0.204000
1957 0.252000
1957 0.301000
1957 0.137000
1957 0.104000
1957 0.087000
1958 0.114000
1958 0.173000
1958 0.084000
1958 0.103000
1958 0.089000
1958 0.106000
1958 0.199000
1958 0.082000
1958 0.072000
1958 0.092000
1958 0.060000
1958 0.078000
1959 0.077000
1959 0.126000
1959 0.199000
1959 0.179000
1959 0.062000
1959 0.063000
1959 0.131000
1959 0.084000
1959 0.118000
1959 0.115000
1959 0.077000
1959 0.055000
1960 0.086000
1960 0.125000
1960 0.077000
1960 0.088000
1960 0.156000
1960 0.080000
1960 0.072000
1960 0.079000
1960 0.099000
1960 0.063000
1960 0.141000
1960 0.056000
1961 0.089000
1961 0.125000
1961 0.049000
1961 0.116000
1961 0.104000
1961 0.154000
1961 0.079000
1961 0.142000
1961 0.069000
1961 0.138000
1961 0.060000
1961 0.039000
1962 0.075000
1962 0.064000
1962 0.128000
1962 0.178000
1962 0.062000
1962 0.267000
1962 0.074000
1962 0.103000
1962 0.255000
1962 0.202000
1962 0.119000
1962 0.068000
1963 0.080000
1963 0.108000
1963 0.102000
1963 0.058000
1963 0.102000
1963 0.097000
1963 0.098000
1963 0.061000
1963 0.126000
1963 0.099000
1963 0.095000
1963 0.082000
1964 0.171000
1964 0.116000
1964 0.076000
1964 0.077000
1964 0.084000
1964 0.068000
1964 0.125000
1964 0.178000
1964 0.065000
1964 0.063000
1964 0.041000
1964 0.046000
1965 0.069000
1965 0.084000
1965 0.125000
1965 0.078000
1965 0.174000
1965 0.223000
1965 0.139000
1965 0.086000
1965 0.083000
1965 0.070000
1965 0.076000
1965 0.099000
1966 0.059000
1966 0.111000
1966 0.125000
1966 0.068000
1966 0.064000
1966 0.161000
1966 0.112000
1966 0.101000
1966 0.107000
1966 0.073000
1966 0.074000
1966 0.052000
1967 0.070000
1967 0.126000
1967 0.079000
1967 0.110000
1967 0.077000
1967 0.071000
1967 0.169000
1967 0.107000
1967 0.058000
1967 0.045000
1967 0.042000
1967 0.050000
1968 0.094000
1968 0.124000
1968 0.069000
1968 0.143000
1968 0.111000
1968 0.187000
1968 0.089000
1968 0.080000
1968 0.190000
1968 0.138000
1968 0.062000
1968 0.053000
1969 0.053000
1969 0.092000
1969 0.106000
1969 0.125000
1969 0.077000
1969 0.119000
1969 0.109000
1969 0.080000
1969 0.057000
1969 0.065000
1969 0.053000
1969 0.086000
1970 0.084000
1970 0.082000
1970 0.114000
1970 0.066000
1970 0.099000
1970 0.086000
1970 0.100000
1970 0.062000
1970 0.063000
1970 0.042000
1970 0.059000
1970 0.050000
1971 0.101000
1971 0.170000
1971 0.063000
1971 0.067000
1971 0.112000
1971 0.104000
1971 0.106000
1971 0.076000
1971 0.129000
1971 0.106000
1971 0.076000
1971 0.065000
1972 0.086000
1972 0.105000
1972 0.050000
1972 0.067000
1972 0.091000
1972 0.113000
1972 0.118000
1972 0.096000
1972 0.126000
1972 0.141000
1972 0.079000
1972 0.072000
1973 0.092000
1973 0.161000
1973 0.096000
1973 0.103000
1973 0.082000
1973 0.085000
1973 0.129000
1973 0.151000
1973 0.081000
1973 0.064000
1973 0.083000
1973 0.082000
1974 0.096000
1974 0.127000
1974 0.114000
1974 0.091000
1974 0.087000
1974 0.131000
1974 0.059000
1974 0.105000
1974 0.135000
1974 0.059000
1974 0.123000
1974 0.127000
1975 0.078000
1975 0.107000
1975 0.070000
1975 0.066000
1975 0.087000
1975 0.109000
1975 0.096000
1975 0.219000
1975 0.127000
1975 0.064000
1975 0.056000
1975 0.086000
1976 0.068000
1976 0.069000
1976 0.060000
1976 0.086000
1976 0.163000
1976 0.103000
1976 0.180000
1976 0.170000
1976 0.053000
1976 0.111000
1976 0.062000
1976 0.082000
1977 0.087000
1977 0.120000
1977 0.110000
1977 0.064000
1977 0.133000
1977 0.110000
1977 0.111000
1977 0.078000
1977 0.065000
1977 0.041000
1977 0.062000
1977 0.035000
1978 0.095000
1978 0.137000
1978 0.097000
1978 0.088000
1978 0.139000
1978 0.106000
1978 0.158000
1978 0.099000
1978 0.096000
1978 0.082000
1978 0.081000
1978 0.068000
1979 0.083000
1979 0.089000
1979 0.102000
1979 0.078000
1979 0.149000
1979 0.067000
1979 0.054000
1979 0.087000
1979 0.091000
1979 0.090000
1979 0.079000
1979 0.068000
1980 0.087000
1980 0.099000
1980 0.103000
1980 0.106000
1980 0.089000
1980 0.134000
1980 0.144000
1980 0.221000
1980 0.080000
1980 0.064000
1980 0.094000
1980 0.059000
1981 0.121000
1981 0.139000
1981 0.035000
1981 0.080000
1981 0.084000
1981 0.122000
1981 0.082000
1981 0.099000
1981 0.118000
1981 0.059000
1981 0.058000
1981 0.050000
1982 0.080000
1982 0.077000
1982 0.087000
1982 0.093000
1982 0.090000
1982 0.071000
1982 0.073000
1982 0.067000
1982 0.067000
1982 0.066000
1982 0.111000
1982 0.110000
1983 0.115000
1983 0.173000
1983 0.090000
1983 0.050000
1983 0.106000
1983 0.124000
1983 0.070000
1983 0.061000
1983 0.098000
1983 0.096000
1983 0.091000
1983 0.054000
1984 0.081000
1984 0.101000
1984 0.084000
1984 0.163000
1984 0.061000
1984 0.191000
1984 0.137000
1984 0.085000
1984 0.074000
1984 0.082000
1984 0.106000
1984 0.066000
1985 0.082000
1985 0.085000
1985 0.060000
1985 0.085000
1985 0.066000
1985 0.187000
1985 0.087000
1985 0.087000
1985 0.080000
1985 0.089000
1985 0.104000
1985 0.107000
1986 0.117000
1986 0.113000
1986 0.048000
1986 0.086000
1986 0.066000
1986 0.060000
1986 0.060000
1986 0.059000
1986 0.143000
1986 0.096000
1986 0.100000
1986 0.072000
1987 0.115000
1987 0.091000
1987 0.076000
1987 0.078000
1987 0.065000
1987 0.068000
1987 0.144000
1987 0.127000
1987 0.075000
1987 0.077000
1987 0.052000
1987 0.054000
1988 0.070000
1988 0.095000
1988 0.085000
1988 0.066000
1988 0.091000
1988 0.098000
1988 0.068000
1988 0.122000
1988 0.072000
1988 0.062000
1988 0.074000
1988 0.058000
1989 0.108000
1989 0.095000
1989 0.099000
1989 0.104000
1989 0.094000
1989 0.126000
1989 0.084000
1989 0.064000
1989 0.101000
1989 0.061000
1989 0.060000
1989 0.060000
1990 0.090000
1990 0.087000
1990 0.099000
1990 0.059000
1990 0.071000
1990 0.087000
1990 0.140000
1990 0.050000
1990 0.106000
1990 0.036000
1990 0.132000
1990 0.079000
1991 0.066000
1991 0.087000
1991 0.076000
1991 0.040000
1991 0.062000
1991 0.074000
1991 0.055000
1991 0.057000
1991 0.053000
1991 0.064000
1991 0.070000
1991 0.041000
1992 0.084000
1992 0.148000
1992 0.069000
1992 0.061000
1992 0.073000
1992 0.066000
1992 0.081000
1992 0.084000
1992 0.049000
1992 0.047000
1992 0.083000
1992 0.155000
1993 0.096000
1993 0.097000
1993 0.094000
1993 0.046000
1993 0.056000
1993 0.075000
1993 0.110000
1993 0.065000
1993 0.102000
1993 0.064000
1993 0.090000
1993 0.081000
1994 0.063000
1994 0.105000
1994 0.071000
1994 0.044000
1994 0.080000
1994 0.087000
1994 0.076000
1994 0.051000
1994 0.068000
1994 0.077000
1994 0.064000
1994 0.065000
1995 0.057000
1995 0.083000
1995 0.077000
1995 0.078000
1995 0.063000
1995 0.088000
1995 0.079000
1995 0.088000
1995 0.087000
1995 0.086000
1995 0.087000
1995 0.044000
1996 0.088000
1996 0.118000
1996 0.085000
1996 0.073000
1996 0.106000
1996 0.091000
1996 0.097000
1996 0.073000
1996 0.053000
1996 0.097000
1996 0.078000
1996 0.058000
1997 0.083000
1997 0.093000
1997 0.139000
1997 0.054000
1997 0.072000
1997 0.066000
1997 0.132000
1997 0.091000
1997 0.105000
1997 0.070000
1997 0.096000
1997 0.062000
1998 0.076000
1998 0.106000
1998 0.082000
1998 0.050000
1998 0.083000
1998 0.114000
1998 0.074000
1998 0.074000
1998 0.047000
1998 0.055000
1998 0.081000
1998 0.045000
1999 0.070000
1999 0.089000
1999 0.102000
1999 0.064000
1999 0.045000
1999 0.072000
1999 0.101000
1999 0.089000
1999 0.056000
1999 0.095000
1999 0.083000
1999 0.085000
2000 0.091000
2000 0.093000
2000 0.120000
2000 0.075000
2000 0.064000
2000 0.100000
2000 0.120000
2000 0.086000
2000 0.058000
2000 0.047000
2000 0.084000
2000 0.064000
2001 0.077000
2001 0.109000
2001 0.058000
2001 0.098000
2001 0.105000
2001 0.085000
2001 0.101000
2001 0.115000
2001 0.087000
2001 0.073000
2001 0.086000
2001 0.055000
2002 0.065000
2002 0.078000
2002 0.034000
2002 0.049000
2002 0.081000
2002 0.052000
2002 0.077000
2002 0.067000
2002 0.103000
2002 0.079000
2002 0.120000
2002 0.064000
2003 0.070000
2003 0.097000
2003 0.055000
2003 0.074000
2003 0.095000
2003 0.135000
2003 0.184000
2003 0.089000
2003 0.067000
2003 0.085000
2003 0.075000
2003 0.062000
2004 0.062000
2004 0.104000
2004 0.069000
2004 0.057000
2004 0.070000
2004 0.097000
2004 0.115000
2004 0.104000
2004 0.084000
2004 0.091000
2004 0.092000
2004 0.056000
2005 0.064000
2005 0.115000
2005 0.060000
2005 0.052000
2005 0.090000
2005 0.083000
2005 0.094000
2005 0.078000
2005 0.080000
2005 0.064000
2005 0.068000
2005 0.054000
2006 0.064000
2006 0.118000
2006 0.077000
2006 0.089000
2006 0.092000
2006 0.093000
2006 0.116000
2006 0.107000
2006 0.104000
2006 0.077000
2006 0.078000
2006 0.065000
2007 0.059000
2007 0.077000
2007 0.113000
2007 0.109000
2007 0.070000
2007 0.072000
2007 0.115000
2007 0.113000
2007 0.102000
2007 0.100000
2007 0.085000
2007 0.059000
2008 0.059000
2008 0.068000
2008 0.099000
2008 0.083000
2008 0.071000
2008 0.097000
2008 0.072000
2008 0.113000
2008 0.087000
2008 0.078000
2008 0.064000
2008 0.056000
2009 0.078000
2009 0.083000
2009 0.058000
2009 0.084000
2009 0.104000
2009 0.074000
2009 0.148000
2009 0.109000
2009 0.050000
2009 0.075000
2009 0.087000
2009 0.081000
2010 0.079000
2010 0.080000
2010 0.057000
2010 0.087000
2010 0.078000
2010 0.086000
2010 0.090000
2010 0.112000
2010 0.065000
2010 0.070000
2010 0.102000
2010 0.095000
2011 0.082000
2011 0.067000
2011 0.064000
2011 0.046000
2011 0.056000
2011 0.082000
2011 0.113000
2011 0.091000
2011 0.083000
2011 0.087000
2011 0.107000
2011 0.106000
2012 0.085000
2012 0.102000
2012 0.054000
2012 0.055000
2012 0.109000
2012 0.078000
2012 0.076000
2012 0.069000
2012 0.069000
2012 0.098000
2012 0.116000
2012 0.090000
2013 0.097000
2013 0.093000
2013 0.090000
2013 0.098000
2013 0.104000
2013 0.090000
2013 0.126000
2013 0.129000
2013 0.104000
2013 0.077000
2013 0.079000
2013 0.085000
2014 0.075000
2014 0.068000
2014 0.098000
2014 0.111000
2014 0.068000
2014 0.096000
2014 0.078000
2014 0.115000
2014 0.086000
2014 0.076000
2014 0.121000
2014 0.090000
2015 0.130000
2015 0.121000
2015 0.060000
2015 0.088000
2015 0.081000
2015 0.068000
2015 0.086000
2015 0.072000
2015 0.079000
2015 0.102000
2015 0.119000
2015 0.100000
