1760 7.185167
1761 8.772500
1762 8.606500
1763 7.496750
1764 8.400333
1765 8.251917
1766 8.405666
1767 8.221501
1768 6.781334
1769 7.694584
1770 7.691917
1771 7.853167
1772 8.193501
1773 8.221500
1774 8.772166
1775 9.183083
1776 8.304000
1777 8.256249
1778 8.542251
1779 8.983250
1780 9.432917
1781 8.102584
1782 7.901249
1783 7.680833
1784 7.862000
1785 7.362999
1786 8.258166
1787 8.031835
1788 8.447166
1789 8.334167
1790 7.982333
1791 8.234250
1792 8.089000
1793 8.229166
1794 8.526000
1795 8.350333
1796 8.271001
1797 8.510584
1798 8.670250
1799 8.505750
1800 8.484250
1801 8.589666
1802 8.578167
1803 8.503000
1804 8.844833
1805 8.562751
1806 8.434084
1807 8.281417
1808 7.626833
1809 7.076417
1810 6.922668
1811 6.859501
1812 7.046250
1813 7.739916
1814 7.591751
1815 7.239334
1816 6.937500
1817 6.975667
1818 7.828917
1819 7.369167
1820 7.616251
1821 8.090083
1822 8.188334
1823 7.718667
1824 8.547166
1825 8.389333
1826 8.356584
1827 8.808750
1828 8.165334
1829 7.941833
1830 8.516750
1831 7.639166
1832 7.450167
1833 8.013000
1834 8.146750
1835 7.392499
1836 7.695833
1837 7.375667
1838 7.514917
1839 7.632249
1840 7.796249
1841 7.688166
1842 8.022750
1843 8.173666
1844 7.646333
1845 7.851166
1846 8.552751
1847 8.086000
1848 7.979500
1849 7.984416
1850 7.900666
1851 8.178584
1852 8.100167
1853 8.041833
1854 8.210501
1855 8.110749
1856 7.995916
1857 7.758167
1858 8.100250
1859 8.252000
1860 7.960833
1861 7.846500
1862 7.558584
1863 8.111833
1864 7.983583
1865 8.177834
1866 8.292167
1867 8.436334
1868 8.247916
1869 8.432084
1870 8.201333
1871 8.115084
1872 8.193833
1873 8.351083
1874 8.433500
1875 7.859583
1876 8.080083
1877 8.539583
1878 8.829749
1879 8.165833
1880 8.118750
1881 8.270917
1882 8.128917
1883 7.976917
1884 7.773667
1885 7.919666
1886 7.954500
1887 7.914917
1888 8.090499
1889 8.318999
1890 7.971667
1891 8.019333
1892 8.065833
1893 8.056749
1894 8.161000
1895 8.146999
1896 8.214916
1897 8.293334
1898 8.178000
1899 8.396333
1900 8.501584
1901 8.541917
1902 8.304418
1903 8.220166
1904 8.090917
1905 8.225166
1906 8.379084
1907 7.947167
1908 8.186083
1909 8.178250
1910 8.223000
1911 8.177000
1912 8.165417
1913 8.297750
1914 8.590501
1915 8.593167
1916 8.225250
1917 8.023334
1918 8.130833
1919 8.382250
1920 8.358750
1921 8.571000
1922 8.408000
1923 8.422166
1924 8.506834
1925 8.534415
1926 8.728833
1927 8.522083
1928 8.632167
1929 8.242416
1930 8.633583
1931 8.719249
1932 8.705250
1933 8.338249
1934 8.628333
1935 8.515750
1936 8.554000
1937 8.698334
1938 8.863667
1939 8.760334
1940 8.764667
1941 8.768667
1942 8.728416
1943 8.755083
1944 8.845000
1945 8.584832
1946 8.676917
1947 8.797083
1948 8.746750
1949 8.586750
1950 8.365251
1951 8.625667
1952 8.638249
1953 8.873749
1954 8.560666
1955 8.626250
1956 8.279583
1957 8.732500
1958 8.773750
1959 8.732667
1960 8.583751
1961 8.797668
1962 8.745916
1963 8.856000
1964 8.409666
1965 8.527416
1966 8.599334
1967 8.700084
1968 8.516334
1969 8.595083
1970 8.700916
1971 8.599250
1972 8.499583
1973 8.948251
1974 8.467501
1975 8.744833
1976 8.347251
1977 8.850249
1978 8.692749
1979 8.733417
1980 8.980333
1981 9.165833
1982 8.639167
1983 9.028167
1984 8.691833
1985 8.658000
1986 8.833583
1987 8.994416
1988 9.201583
1989 8.922000
1990 9.234166
1991 9.179417
1992 8.836583
1993 8.866584
1994 9.038750
1995 9.347084
1996 9.038917
1997 9.202583
1998 9.522666
1999 9.285085
2000 9.201166
2001 9.414584
2002 9.570416
2003 9.525584
2004 9.324584
2005 9.700916
2006 9.532500
2007 9.732166
2008 9.431750
2009 9.505250
2010 9.703082
2011 9.516000
2012 9.507333
2013 9.606499
2014 9.570666
2015 9.831000
