1750 0.000000
1750 0.000000
1750 0.000000
1750 0.000000
1750 0.000000
1750 0.000000
1750 0.000000
1750 0.000000
1750 0.000000
1750 0.000000
1750 0.000000
1750 0.000000
1751 0.000000
1751 0.000000
1751 0.000000
1751 0.000000
1751 0.000000
1751 0.000000
1751 0.000000
1751 0.000000
1751 0.000000
1751 0.000000
1751 0.000000
1751 0.000000
1752 0.000000
1752 0.000000
1752 0.000000
1752 0.000000
1752 0.000000
1752 0.000000
1752 0.000000
1752 0.000000
1752 0.000000
1752 0.000000
1752 0.000000
1752 0.000000
1753 0.000000
1753 0.000000
1753 0.000000
1753 0.000000
1753 0.000000
1753 0.000000
1753 0.000000
1753 0.000000
1753 0.000000
1753 0.000000
1753 0.000000
1753 0.000000
1754 0.000000
1754 0.000000
1754 0.000000
1754 0.000000
1754 0.000000
1754 0.000000
1754 0.000000
1754 0.000000
1754 0.000000
1754 0.000000
1754 0.000000
1754 0.000000
1755 0.000000
1755 0.000000
1755 0.000000
1755 0.000000
1755 0.000000
1755 0.000000
1755 0.000000
1755 0.000000
1755 0.000000
1755 0.000000
1755 0.000000
1755 0.000000
1756 0.000000
1756 0.000000
1756 0.000000
1756 0.000000
1756 0.000000
1756 0.000000
1756 0.000000
1756 0.000000
1756 0.000000
1756 0.000000
1756 0.000000
1756 0.000000
1757 0.000000
1757 0.000000
1757 0.000000
1757 0.000000
1757 0.000000
1757 0.000000
1757 0.000000
1757 0.000000
1757 0.000000
1757 0.000000
1757 0.000000
1757 0.000000
1758 0.000000
1758 0.000000
1758 0.000000
1758 0.000000
1758 0.000000
1758 0.000000
1758 0.000000
1758 0.000000
1758 0.000000
1758 0.000000
1758 0.000000
1758 0.000000
1759 0.000000
1759 0.000000
1759 0.000000
1759 0.000000
1759 0.000000
1759 0.000000
1759 0.000000
1759 0.000000
1759 0.000000
1759 0.000000
1759 0.000000
1759 0.000000
1760 0.000000
1760 0.000000
1760 0.000000
1760 0.000000
1760 0.000000
1760 0.000000
1760 0.000000
1760 0.000000
1760 0.000000
1760 0.000000
1760 0.000000
1760 0.000000
1761 0.000000
1761 0.000000
1761 0.000000
1761 0.000000
1761 0.000000
1761 0.000000
1761 0.000000
1761 0.000000
1761 0.000000
1761 0.000000
1761 0.000000
1761 0.000000
1762 0.000000
1762 0.000000
1762 0.000000
1762 0.000000
1762 0.000000
1762 0.000000
1762 0.000000
1762 0.000000
1762 0.000000
1762 0.000000
1762 0.000000
1762 0.000000
1763 0.000000
1763 0.000000
1763 0.000000
1763 0.000000
1763 0.000000
1763 0.000000
1763 0.000000
1763 0.000000
1763 0.000000
1763 0.000000
1763 0.000000
1763 0.000000
1764 0.000000
1764 0.000000
1764 0.000000
1764 0.000000
1764 0.000000
1764 0.000000
1764 0.000000
1764 0.000000
1764 0.000000
1764 0.000000
1764 0.000000
1764 0.000000
1765 0.000000
1765 0.000000
1765 0.000000
1765 0.000000
1765 0.000000
1765 0.000000
1765 0.000000
1765 0.000000
1765 0.000000
1765 0.000000
1765 0.000000
1765 0.000000
1766 0.000000
1766 0.000000
1766 0.000000
1766 0.000000
1766 0.000000
1766 0.000000
1766 0.000000
1766 0.000000
1766 0.000000
1766 0.000000
1766 0.000000
1766 0.000000
1767 0.000000
1767 0.000000
1767 0.000000
1767 0.000000
1767 0.000000
1767 0.000000
1767 0.000000
1767 0.000000
1767 0.000000
1767 0.000000
1767 0.000000
1767 0.000000
1768 0.000000
1768 0.000000
1768 0.000000
1768 0.000000
1768 0.000000
1768 0.000000
1768 0.000000
1768 0.000000
1768 0.000000
1768 0.000000
1768 0.000000
1768 0.000000
1769 0.000000
1769 0.000000
1769 0.000000
1769 0.000000
1769 0.000000
1769 0.000000
1769 0.000000
1769 0.000000
1769 0.000000
1769 0.000000
1769 0.000000
1769 0.000000
1770 0.000000
1770 0.000000
1770 0.000000
1770 0.000000
1770 0.000000
1770 0.000000
1770 0.000000
1770 0.000000
1770 0.000000
1770 0.000000
1770 0.000000
1770 0.000000
1771 0.000000
1771 0.000000
1771 0.000000
1771 0.000000
1771 0.000000
1771 0.000000
1771 0.000000
1771 0.000000
1771 0.000000
1771 0.000000
1771 0.000000
1771 0.000000
1772 0.000000
1772 0.000000
1772 0.000000
1772 0.000000
1772 0.000000
1772 0.000000
1772 0.000000
1772 0.000000
1772 0.000000
1772 0.000000
1772 0.000000
1772 0.000000
1773 0.000000
1773 0.000000
1773 0.000000
1773 0.000000
1773 0.000000
1773 0.000000
1773 0.000000
1773 0.000000
1773 0.000000
1773 0.000000
1773 0.000000
1773 0.000000
1774 0.000000
1774 0.000000
1774 0.000000
1774 0.000000
1774 0.000000
1774 0.000000
1774 0.000000
1774 0.000000
1774 0.000000
1774 0.000000
1774 0.000000
1774 0.000000
1775 0.000000
1775 0.000000
1775 0.000000
1775 0.000000
1775 0.000000
1775 0.000000
1775 0.000000
1775 0.000000
1775 0.000000
1775 0.000000
1775 0.000000
1775 0.000000
1776 0.000000
1776 0.000000
1776 0.000000
1776 0.000000
1776 0.000000
1776 0.000000
1776 0.000000
1776 0.000000
1776 0.000000
1776 0.000000
1776 0.000000
1776 0.000000
1777 0.000000
1777 0.000000
1777 0.000000
1777 0.000000
1777 0.000000
1777 0.000000
1777 0.000000
1777 0.000000
1777 0.000000
1777 0.000000
1777 0.000000
1777 0.000000
1778 0.000000
1778 0.000000
1778 0.000000
1778 0.000000
1778 0.000000
1778 0.000000
1778 0.000000
1778 0.000000
1778 0.000000
1778 0.000000
1778 0.000000
1778 0.000000
1779 0.000000
1779 0.000000
1779 0.000000
1779 0.000000
1779 0.000000
1779 0.000000
1779 0.000000
1779 0.000000
1779 0.000000
1779 0.000000
1779 0.000000
1779 0.000000
1780 0.000000
1780 0.000000
1780 0.000000
1780 0.000000
1780 0.000000
1780 0.000000
1780 0.000000
1780 0.000000
1780 0.000000
1780 0.000000
1780 0.000000
1780 0.000000
1781 0.000000
1781 0.000000
1781 0.000000
1781 0.000000
1781 0.000000
1781 0.000000
1781 0.000000
1781 0.000000
1781 0.000000
1781 0.000000
1781 0.000000
1781 0.000000
1782 0.000000
1782 0.000000
1782 0.000000
1782 0.000000
1782 0.000000
1782 0.000000
1782 0.000000
1782 0.000000
1782 0.000000
1782 0.000000
1782 0.000000
1782 0.000000
1783 0.000000
1783 0.000000
1783 0.000000
1783 0.000000
1783 0.000000
1783 0.000000
1783 0.000000
1783 0.000000
1783 0.000000
1783 0.000000
1783 0.000000
1783 0.000000
1784 0.000000
1784 0.000000
1784 0.000000
1784 0.000000
1784 0.000000
1784 0.000000
1784 0.000000
1784 0.000000
1784 0.000000
1784 0.000000
1784 0.000000
1784 0.000000
1785 0.000000
1785 0.000000
1785 0.000000
1785 0.000000
1785 0.000000
1785 0.000000
1785 0.000000
1785 0.000000
1785 0.000000
1785 0.000000
1785 0.000000
1785 0.000000
1786 0.000000
1786 0.000000
1786 0.000000
1786 0.000000
1786 0.000000
1786 0.000000
1786 0.000000
1786 0.000000
1786 0.000000
1786 0.000000
1786 0.000000
1786 0.000000
1787 0.000000
1787 0.000000
1787 0.000000
1787 0.000000
1787 0.000000
1787 0.000000
1787 0.000000
1787 0.000000
1787 0.000000
1787 0.000000
1787 0.000000
1787 0.000000
1788 0.000000
1788 0.000000
1788 0.000000
1788 0.000000
1788 0.000000
1788 0.000000
1788 0.000000
1788 0.000000
1788 0.000000
1788 0.000000
1788 0.000000
1788 0.000000
1789 0.000000
1789 0.000000
1789 0.000000
1789 0.000000
1789 0.000000
1789 0.000000
1789 0.000000
1789 0.000000
1789 0.000000
1789 0.000000
1789 0.000000
1789 0.000000
1790 0.000000
1790 0.000000
1790 0.000000
1790 0.000000
1790 0.000000
1790 0.000000
1790 0.000000
1790 0.000000
1790 0.000000
1790 0.000000
1790 0.000000
1790 0.000000
1791 0.000000
1791 0.000000
1791 0.000000
1791 0.000000
1791 0.000000
1791 0.000000
1791 0.000000
1791 0.000000
1791 0.000000
1791 0.000000
1791 0.000000
1791 0.000000
1792 0.000000
1792 0.000000
1792 0.000000
1792 0.000000
1792 0.000000
1792 0.000000
1792 0.000000
1792 0.000000
1792 0.000000
1792 0.000000
1792 0.000000
1792 0.000000
1793 0.000000
1793 0.000000
1793 0.000000
1793 0.000000
1793 0.000000
1793 0.000000
1793 0.000000
1793 0.000000
1793 0.000000
1793 0.000000
1793 0.000000
1793 0.000000
1794 0.000000
1794 0.000000
1794 0.000000
1794 0.000000
1794 0.000000
1794 0.000000
1794 0.000000
1794 0.000000
1794 0.000000
1794 0.000000
1794 0.000000
1794 0.000000
1795 0.000000
1795 0.000000
1795 0.000000
1795 0.000000
1795 0.000000
1795 0.000000
1795 0.000000
1795 0.000000
1795 0.000000
1795 0.000000
1795 0.000000
1795 0.000000
1796 0.000000
1796 0.000000
1796 0.000000
1796 0.000000
1796 0.000000
1796 0.000000
1796 0.000000
1796 0.000000
1796 0.000000
1796 0.000000
1796 0.000000
1796 0.000000
1797 0.000000
1797 0.000000
1797 0.000000
1797 0.000000
1797 0.000000
1797 0.000000
1797 0.000000
1797 0.000000
1797 0.000000
1797 0.000000
1797 0.000000
1797 0.000000
1798 0.000000
1798 0.000000
1798 0.000000
1798 0.000000
1798 0.000000
1798 0.000000
1798 0.000000
1798 0.000000
1798 0.000000
1798 0.000000
1798 0.000000
1798 0.000000
1799 0.000000
1799 0.000000
1799 0.000000
1799 0.000000
1799 0.000000
1799 0.000000
1799 0.000000
1799 0.000000
1799 0.000000
1799 0.000000
1799 0.000000
1799 0.000000
1800 0.000000
1800 0.000000
1800 0.000000
1800 0.000000
1800 0.000000
1800 0.000000
1800 0.000000
1800 0.000000
1800 0.000000
1800 0.000000
1800 0.000000
1800 0.000000
1801 0.000000
1801 0.000000
1801 0.000000
1801 0.000000
1801 0.000000
1801 0.000000
1801 0.000000
1801 0.000000
1801 0.000000
1801 0.000000
1801 0.000000
1801 0.000000
1802 0.000000
1802 0.000000
1802 0.000000
1802 0.000000
1802 0.000000
1802 0.000000
1802 0.000000
1802 0.000000
1802 0.000000
1802 0.000000
1802 0.000000
1802 0.000000
1803 0.000000
1803 0.000000
1803 0.000000
1803 0.000000
1803 0.000000
1803 0.000000
1803 0.000000
1803 0.000000
1803 0.000000
1803 0.000000
1803 0.000000
1803 0.000000
1804 0.000000
1804 0.000000
1804 0.000000
1804 0.000000
1804 0.000000
1804 0.000000
1804 0.000000
1804 0.000000
1804 0.000000
1804 0.000000
1804 0.000000
1804 0.000000
1805 0.000000
1805 0.000000
1805 0.000000
1805 0.000000
1805 0.000000
1805 0.000000
1805 0.000000
1805 0.000000
1805 0.000000
1805 0.000000
1805 0.000000
1805 0.000000
1806 0.000000
1806 0.000000
1806 0.000000
1806 0.000000
1806 0.000000
1806 0.000000
1806 0.000000
1806 0.000000
1806 0.000000
1806 0.000000
1806 0.000000
1806 0.000000
1807 0.000000
1807 0.000000
1807 0.000000
1807 0.000000
1807 0.000000
1807 0.000000
1807 0.000000
1807 0.000000
1807 0.000000
1807 0.000000
1807 0.000000
1807 0.000000
1808 0.000000
1808 0.000000
1808 0.000000
1808 0.000000
1808 0.000000
1808 0.000000
1808 0.000000
1808 0.000000
1808 0.000000
1808 0.000000
1808 0.000000
1808 0.000000
1809 0.000000
1809 0.000000
1809 0.000000
1809 0.000000
1809 0.000000
1809 0.000000
1809 0.000000
1809 0.000000
1809 0.000000
1809 0.000000
1809 0.000000
1809 0.000000
1810 0.000000
1810 0.000000
1810 0.000000
1810 0.000000
1810 0.000000
1810 0.000000
1810 0.000000
1810 0.000000
1810 0.000000
1810 0.000000
1810 0.000000
1810 0.000000
1811 0.000000
1811 0.000000
1811 0.000000
1811 0.000000
1811 0.000000
1811 0.000000
1811 0.000000
1811 0.000000
1811 0.000000
1811 0.000000
1811 0.000000
1811 0.000000
1812 0.000000
1812 0.000000
1812 0.000000
1812 0.000000
1812 0.000000
1812 0.000000
1812 0.000000
1812 0.000000
1812 0.000000
1812 0.000000
1812 0.000000
1812 0.000000
1813 0.000000
1813 0.000000
1813 0.000000
1813 0.000000
1813 0.000000
1813 0.000000
1813 0.000000
1813 0.000000
1813 0.000000
1813 0.000000
1813 0.000000
1813 0.000000
1814 0.000000
1814 0.000000
1814 0.000000
1814 0.000000
1814 0.000000
1814 0.000000
1814 0.000000
1814 0.000000
1814 0.000000
1814 0.000000
1814 0.000000
1814 0.000000
1815 0.000000
1815 0.000000
1815 0.000000
1815 0.000000
1815 0.000000
1815 0.000000
1815 0.000000
1815 0.000000
1815 0.000000
1815 0.000000
1815 0.000000
1815 0.000000
1816 0.000000
1816 0.000000
1816 0.000000
1816 0.000000
1816 0.000000
1816 0.000000
1816 0.000000
1816 0.000000
1816 0.000000
1816 0.000000
1816 0.000000
1816 0.000000
1817 0.000000
1817 0.000000
1817 0.000000
1817 0.000000
1817 0.000000
1817 0.000000
1817 0.000000
1817 0.000000
1817 0.000000
1817 0.000000
1817 0.000000
1817 0.000000
1818 0.000000
1818 0.000000
1818 0.000000
1818 0.000000
1818 0.000000
1818 0.000000
1818 0.000000
1818 0.000000
1818 0.000000
1818 0.000000
1818 0.000000
1818 0.000000
1819 0.000000
1819 0.000000
1819 0.000000
1819 0.000000
1819 0.000000
1819 0.000000
1819 0.000000
1819 0.000000
1819 0.000000
1819 0.000000
1819 0.000000
1819 0.000000
1820 0.000000
1820 0.000000
1820 0.000000
1820 0.000000
1820 0.000000
1820 0.000000
1820 0.000000
1820 0.000000
1820 0.000000
1820 0.000000
1820 0.000000
1820 0.000000
1821 0.000000
1821 0.000000
1821 0.000000
1821 0.000000
1821 0.000000
1821 0.000000
1821 0.000000
1821 0.000000
1821 0.000000
1821 0.000000
1821 0.000000
1821 0.000000
1822 0.000000
1822 0.000000
1822 0.000000
1822 0.000000
1822 0.000000
1822 0.000000
1822 0.000000
1822 0.000000
1822 0.000000
1822 0.000000
1822 0.000000
1822 0.000000
1823 0.000000
1823 0.000000
1823 0.000000
1823 0.000000
1823 0.000000
1823 0.000000
1823 0.000000
1823 0.000000
1823 0.000000
1823 0.000000
1823 0.000000
1823 0.000000
1824 0.000000
1824 0.000000
1824 0.000000
1824 0.000000
1824 0.000000
1824 0.000000
1824 0.000000
1824 0.000000
1824 0.000000
1824 0.000000
1824 0.000000
1824 0.000000
1825 0.000000
1825 0.000000
1825 0.000000
1825 0.000000
1825 0.000000
1825 0.000000
1825 0.000000
1825 0.000000
1825 0.000000
1825 0.000000
1825 0.000000
1825 0.000000
1826 0.000000
1826 0.000000
1826 0.000000
1826 0.000000
1826 0.000000
1826 0.000000
1826 0.000000
1826 0.000000
1826 0.000000
1826 0.000000
1826 0.000000
1826 0.000000
1827 0.000000
1827 0.000000
1827 0.000000
1827 0.000000
1827 0.000000
1827 0.000000
1827 0.000000
1827 0.000000
1827 0.000000
1827 0.000000
1827 0.000000
1827 0.000000
1828 0.000000
1828 0.000000
1828 0.000000
1828 0.000000
1828 0.000000
1828 0.000000
1828 0.000000
1828 0.000000
1828 0.000000
1828 0.000000
1828 0.000000
1828 0.000000
1829 0.000000
1829 0.000000
1829 0.000000
1829 0.000000
1829 0.000000
1829 0.000000
1829 0.000000
1829 0.000000
1829 0.000000
1829 0.000000
1829 0.000000
1829 0.000000
1830 0.000000
1830 0.000000
1830 0.000000
1830 0.000000
1830 0.000000
1830 0.000000
1830 0.000000
1830 0.000000
1830 0.000000
1830 0.000000
1830 0.000000
1830 0.000000
1831 0.000000
1831 0.000000
1831 0.000000
1831 0.000000
1831 0.000000
1831 0.000000
1831 0.000000
1831 0.000000
1831 0.000000
1831 0.000000
1831 0.000000
1831 0.000000
1832 0.000000
1832 0.000000
1832 0.000000
1832 0.000000
1832 0.000000
1832 0.000000
1832 0.000000
1832 0.000000
1832 0.000000
1832 0.000000
1832 0.000000
1832 0.000000
1833 0.000000
1833 0.000000
1833 0.000000
1833 0.000000
1833 0.000000
1833 0.000000
1833 0.000000
1833 0.000000
1833 0.000000
1833 0.000000
1833 0.000000
1833 0.000000
1834 0.000000
1834 0.000000
1834 0.000000
1834 0.000000
1834 0.000000
1834 0.000000
1834 0.000000
1834 0.000000
1834 0.000000
1834 0.000000
1834 0.000000
1834 0.000000
1835 0.000000
1835 0.000000
1835 0.000000
1835 0.000000
1835 0.000000
1835 0.000000
1835 0.000000
1835 0.000000
1835 0.000000
1835 0.000000
1835 0.000000
1835 0.000000
1836 0.000000
1836 0.000000
1836 0.000000
1836 0.000000
1836 0.000000
1836 0.000000
1836 0.000000
1836 0.000000
1836 0.000000
1836 0.000000
1836 0.000000
1836 0.000000
1837 0.000000
1837 0.000000
1837 0.000000
1837 0.000000
1837 0.000000
1837 0.000000
1837 0.000000
1837 0.000000
1837 0.000000
1837 0.000000
1837 0.000000
1837 0.000000
1838 0.000000
1838 0.000000
1838 0.000000
1838 0.000000
1838 0.000000
1838 0.000000
1838 0.000000
1838 0.000000
1838 0.000000
1838 0.000000
1838 0.000000
1838 0.000000
1839 0.000000
1839 0.000000
1839 0.000000
1839 0.000000
1839 0.000000
1839 0.000000
1839 0.000000
1839 0.000000
1839 0.000000
1839 0.000000
1839 0.000000
1839 0.000000
1840 0.000000
1840 0.000000
1840 0.000000
1840 0.000000
1840 0.000000
1840 0.000000
1840 0.000000
1840 0.000000
1840 0.000000
1840 0.000000
1840 0.000000
1840 0.000000
1841 0.000000
1841 0.000000
1841 0.000000
1841 0.000000
1841 0.000000
1841 0.000000
1841 0.000000
1841 0.000000
1841 0.000000
1841 0.000000
1841 0.000000
1841 0.000000
1842 0.000000
1842 0.000000
1842 0.000000
1842 0.000000
1842 0.000000
1842 0.000000
1842 0.000000
1842 0.000000
1842 0.000000
1842 0.000000
1842 0.000000
1842 0.000000
1843 0.000000
1843 0.000000
1843 0.000000
1843 0.000000
1843 0.000000
1843 0.000000
1843 0.000000
1843 0.000000
1843 0.000000
1843 0.000000
1843 0.000000
1843 0.000000
1844 0.000000
1844 0.000000
1844 0.000000
1844 0.000000
1844 0.000000
1844 0.000000
1844 0.000000
1844 0.000000
1844 0.000000
1844 0.000000
1844 0.000000
1844 0.000000
1845 0.000000
1845 0.000000
1845 0.000000
1845 0.000000
1845 0.000000
1845 0.000000
1845 0.000000
1845 0.000000
1845 0.000000
1845 0.000000
1845 0.000000
1845 0.000000
1846 0.000000
1846 0.000000
1846 0.000000
1846 0.000000
1846 0.000000
1846 0.000000
1846 0.000000
1846 0.000000
1846 0.000000
1846 0.000000
1846 0.000000
1846 0.000000
1847 0.000000
1847 0.000000
1847 0.000000
1847 0.000000
1847 0.000000
1847 0.000000
1847 0.000000
1847 0.000000
1847 0.000000
1847 0.000000
1847 0.000000
1847 0.000000
1848 0.000000
1848 0.000000
1848 0.000000
1848 0.000000
1848 0.000000
1848 0.000000
1848 0.000000
1848 0.000000
1848 0.000000
1848 0.000000
1848 0.000000
1848 0.000000
1849 0.000000
1849 0.000000
1849 0.000000
1849 0.000000
1849 0.000000
1849 0.000000
1849 0.000000
1849 0.000000
1849 0.000000
1849 0.000000
1849 0.000000
1849 0.000000
1850 12.833000
1850 13.588000
1850 14.043000
1850 14.667000
1850 15.507000
1850 16.353001
1850 16.783001
1850 16.718000
1850 15.886000
1850 14.831000
1850 13.897000
1850 13.300000
1851 13.245000
1851 13.331000
1851 13.897000
1851 14.640000
1851 15.771000
1851 16.496000
1851 16.830999
1851 16.621000
1851 16.058001
1851 15.213000
1851 14.161000
1851 13.638000
1852 13.231000
1852 13.311000
1852 13.736000
1852 14.786000
1852 15.899000
1852 16.618999
1852 16.983999
1852 16.566000
1852 16.038000
1852 15.178000
1852 13.948000
1852 13.782000
1853 13.143000
1853 13.362000
1853 14.033000
1853 14.919000
1853 15.793000
1853 16.455000
1853 16.999001
1853 16.789000
1853 15.942000
1853 14.874000
1853 13.829000
1853 13.324000
1854 12.983000
1854 13.248000
1854 14.089000
1854 14.945000
1854 15.793000
1854 16.285999
1854 16.775000
1854 16.707001
1854 16.098000
1854 15.378000
1854 14.123000
1854 13.467000
1855 13.384000
1855 13.646000
1855 14.172000
1855 15.187000
1855 15.822000
1855 16.445000
1855 16.674999
1855 16.684999
1855 15.829000
1855 15.075000
1855 14.118000
1855 13.215000
1856 13.368000
1856 13.311000
1856 13.957000
1856 14.945000
1856 15.813000
1856 16.492001
1856 16.674999
1856 16.389999
1856 15.641000
1856 14.783000
1856 13.856000
1856 13.321000
1857 12.972000
1857 13.385000
1857 13.916000
1857 14.481000
1857 15.279000
1857 16.174999
1857 16.478001
1857 16.459000
1857 15.840000
1857 14.918000
1857 13.829000
1857 13.367000
1858 13.221000
1858 13.290000
1858 14.044000
1858 14.967000
1858 15.541000
1858 16.172001
1858 16.510000
1858 16.489000
1858 15.833000
1858 15.114000
1858 14.134000
1858 13.263000
1859 13.058000
1859 13.330000
1859 14.104000
1859 15.197000
1859 15.868000
1859 16.400000
1859 16.493999
1859 16.450001
1859 15.589000
1859 15.062000
1859 14.094000
1859 13.513000
1860 13.170000
1860 13.424000
1860 13.714000
1860 14.861000
1860 15.758000
1860 16.337999
1860 16.737000
1860 16.634001
1860 16.132999
1860 15.076000
1860 13.922000
1860 12.828000
1861 12.475000
1861 12.917000
1861 13.824000
1861 15.018000
1861 15.489000
1861 16.358000
1861 16.547001
1861 16.716000
1861 15.927000
1861 14.905000
1861 14.095000
1861 13.337000
1862 12.658000
1862 13.192000
1862 14.044000
1862 14.825000
1862 15.708000
1862 16.349001
1862 16.593000
1862 16.306000
1862 15.788000
1862 14.902000
1862 13.784000
1862 12.732000
1863 13.296000
1863 13.634000
1863 14.006000
1863 15.010000
1863 15.823000
1863 16.224001
1863 16.575001
1863 16.437000
1863 15.898000
1863 14.978000
1863 13.992000
1863 13.356000
1864 12.879000
1864 13.275000
1864 13.990000
1864 14.830000
1864 15.851000
1864 16.490000
1864 16.715000
1864 16.493999
1864 15.850000
1864 14.972000
1864 14.141000
1864 13.271000
1865 13.503000
1865 13.506000
1865 13.914000
1865 14.861000
1865 15.756000
1865 16.414000
1865 16.749001
1865 16.657000
1865 16.082001
1865 15.157000
1865 14.101000
1865 13.260000
1866 13.467000
1866 13.586000
1866 13.950000
1866 14.713000
1866 15.630000
1866 16.596001
1866 17.059999
1866 16.695000
1866 15.918000
1866 15.062000
1866 14.275000
1866 13.732000
1867 13.371000
1867 13.458000
1867 14.073000
1867 15.100000
1867 15.560000
1867 16.365999
1867 16.672001
1867 16.454000
1867 16.146999
1867 15.318000
1867 14.632000
1867 13.553000
1868 13.012000
1868 13.295000
1868 14.135000
1868 15.082000
1868 15.992000
1868 16.528999
1868 17.025000
1868 16.792999
1868 16.107000
1868 15.376000
1868 14.174000
1868 13.643000
1869 13.289000
1869 13.951000
1869 13.947000
1869 15.016000
1869 15.896000
1869 16.396000
1869 16.667000
1869 16.711000
1869 16.180000
1869 15.171000
1869 14.255000
1869 13.307000
1870 13.304000
1870 13.359000
1870 14.139000
1870 15.052000
1870 15.826000
1870 16.511000
1870 16.860001
1870 16.617001
1870 16.073000
1870 15.056000
1870 14.079000
1870 13.176000
1871 13.089000
1871 13.299000
1871 14.223000
1871 15.233000
1871 15.770000
1871 16.458000
1871 16.858000
1871 16.653000
1871 16.020000
1871 15.061000
1871 13.972000
1871 13.435000
1872 13.041000
1872 13.376000
1872 14.107000
1872 14.969000
1872 15.927000
1872 16.361000
1872 16.843000
1872 16.822001
1872 16.173000
1872 15.181000
1872 14.101000
1872 13.331000
1873 13.353000
1873 13.707000
1873 14.151000
1873 14.879000
1873 15.821000
1873 16.429001
1873 16.805000
1873 16.726000
1873 15.965000
1873 15.130000
1873 14.094000
1873 13.531000
1874 13.392000
1874 13.458000
1874 13.807000
1874 14.910000
1874 15.750000
1874 16.211000
1874 16.745001
1874 16.645000
1874 16.122000
1874 15.005000
1874 14.013000
1874 13.426000
1875 13.027000
1875 13.350000
1875 13.974000
1875 14.923000
1875 15.792000
1875 16.358000
1875 16.683001
1875 16.638000
1875 16.059000
1875 15.125000
1875 13.905000
1875 13.229000
1876 13.100000
1876 13.496000
1876 14.047000
1876 14.950000
1876 15.570000
1876 16.290001
1876 16.848000
1876 16.579000
1876 15.890000
1876 15.047000
1876 13.903000
1876 13.193000
1877 13.306000
1877 13.732000
1877 14.459000
1877 15.126000
1877 15.854000
1877 16.594000
1877 17.004000
1877 17.076000
1877 16.437000
1877 15.536000
1877 14.564000
1877 13.704000
1878 13.538000
1878 14.177000
1878 14.882000
1878 15.573000
1878 16.016001
1878 16.711000
1878 16.999001
1878 16.905001
1878 16.267000
1878 15.307000
1878 14.388000
1878 13.526000
1879 13.349000
1879 13.630000
1879 14.340000
1879 14.987000
1879 15.807000
1879 16.500999
1879 16.746000
1879 16.635000
1879 16.007000
1879 15.250000
1879 14.203000
1879 13.318000
1880 13.129000
1880 13.407000
1880 14.273000
1880 15.008000
1880 15.850000
1880 16.400000
1880 16.687000
1880 16.695000
1880 15.918000
1880 15.024000
1880 14.233000
1880 13.480000
1881 13.396000
1881 13.625000
1881 14.355000
1881 15.267000
1881 15.999000
1881 16.329000
1881 16.783001
1881 16.665001
1881 15.982000
1881 15.115000
1881 14.019000
1881 13.511000
1882 13.632000
1882 13.843000
1882 14.339000
1882 15.031000
1882 15.816000
1882 16.356001
1882 16.634001
1882 16.677999
1882 16.108000
1882 15.022000
1882 14.033000
1882 13.187000
1883 13.106000
1883 13.358000
1883 14.236000
1883 14.916000
1883 15.825000
1883 16.511999
1883 16.664000
1883 16.538000
1883 15.956000
1883 15.054000
1883 13.943000
1883 13.451000
1884 13.279000
1884 13.600000
1884 13.914000
1884 14.744000
1884 15.558000
1884 16.184999
1884 16.434000
1884 16.408001
1884 15.826000
1884 14.954000
1884 13.827000
1884 13.270000
1885 12.889000
1885 13.327000
1885 14.021000
1885 14.747000
1885 15.565000
1885 16.105000
1885 16.601000
1885 16.438000
1885 15.907000
1885 15.054000
1885 14.057000
1885 13.542000
1886 13.001000
1886 13.176000
1886 13.888000
1886 14.841000
1886 15.837000
1886 16.197001
1886 16.622000
1886 16.458000
1886 15.831000
1886 14.979000
1886 13.877000
1886 13.316000
1887 12.620000
1887 13.096000
1887 13.946000
1887 14.941000
1887 15.651000
1887 16.214001
1887 16.629999
1887 16.372000
1887 15.916000
1887 14.983000
1887 14.037000
1887 13.386000
1888 13.132000
1888 13.320000
1888 13.972000
1888 14.938000
1888 15.730000
1888 16.360001
1888 16.686001
1888 16.611000
1888 15.995000
1888 15.318000
1888 14.259000
1888 13.608000
1889 13.417000
1889 13.954000
1889 14.446000
1889 15.305000
1889 15.915000
1889 16.497999
1889 16.796000
1889 16.604000
1889 15.913000
1889 15.116000
1889 13.996000
1889 13.401000
1890 13.068000
1890 13.394000
1890 13.891000
1890 14.875000
1890 15.624000
1890 16.250000
1890 16.528000
1890 16.427000
1890 15.842000
1890 15.020000
1890 13.803000
1890 13.367000
1891 13.037000
1891 13.298000
1891 14.191000
1891 14.918000
1891 15.844000
1891 16.297001
1891 16.620001
1891 16.549000
1891 16.070000
1891 15.023000
1891 13.920000
1891 13.559000
1892 13.264000
1892 13.667000
1892 13.979000
1892 14.804000
1892 15.655000
1892 16.302999
1892 16.476000
1892 16.389999
1892 15.998000
1892 15.126000
1892 13.732000
1892 13.196000
1893 12.702000
1893 13.230000
1893 14.111000
1893 14.871000
1893 15.662000
1893 16.382000
1893 16.788000
1893 16.650000
1893 15.932000
1893 15.152000
1893 14.079000
1893 13.388000
1894 13.039000
1894 13.455000
1894 14.080000
1894 14.794000
1894 15.656000
1894 16.226000
1894 16.687000
1894 16.565001
1894 15.927000
1894 15.165000
1894 14.036000
1894 13.347000
1895 13.084000
1895 13.303000
1895 13.989000
1895 15.005000
1895 15.703000
1895 16.351999
1895 16.716000
1895 16.612000
1895 15.981000
1895 15.151000
1895 14.219000
1895 13.513000
1896 13.366000
1896 13.576000
1896 14.047000
1896 14.895000
1896 15.817000
1896 16.514999
1896 16.865999
1896 16.761999
1896 16.143000
1896 15.270000
1896 14.187000
1896 13.643000
1897 13.312000
1897 13.555000
1897 14.152000
1897 15.217000
1897 16.020000
1897 16.504999
1897 16.783001
1897 16.676001
1897 16.068001
1897 15.168000
1897 14.047000
1897 13.401000
1898 13.396000
1898 13.364000
1898 13.749000
1898 14.868000
1898 15.621000
1898 16.393000
1898 16.627001
1898 16.511999
1898 15.914000
1898 14.915000
1898 13.933000
1898 13.351000
1899 13.306000
1899 13.399000
1899 14.003000
1899 15.026000
1899 15.836000
1899 16.243000
1899 16.688999
1899 16.746000
1899 16.177999
1899 15.287000
1899 14.455000
1899 13.412000
1900 13.142000
1900 13.777000
1900 14.400000
1900 15.170000
1900 15.955000
1900 16.514999
1900 16.785000
1900 16.698999
1900 16.124001
1900 15.373000
1900 14.189000
1900 13.598000
1901 13.290000
1901 13.660000
1901 14.383000
1901 15.220000
1901 15.936000
1901 16.441000
1901 16.718000
1901 16.663000
1901 16.000999
1901 15.087000
1901 14.101000
1901 13.380000
1902 13.302000
1902 13.691000
1902 14.100000
1902 14.958000
1902 15.719000
1902 16.284000
1902 16.690001
1902 16.591000
1902 16.032000
1902 14.991000
1902 13.902000
1902 13.240000
1903 13.275000
1903 13.668000
1903 14.050000
1903 14.801000
1903 15.645000
1903 16.160999
1903 16.496000
1903 16.304001
1903 15.771000
1903 14.835000
1903 13.828000
1903 13.205000
1904 12.957000
1904 13.154000
1904 13.859000
1904 14.755000
1904 15.573000
1904 16.207001
1904 16.525000
1904 16.403000
1904 15.768000
1904 14.947000
1904 14.144000
1904 13.433000
1905 13.205000
1905 13.206000
1905 14.035000
1905 14.857000
1905 15.788000
1905 16.379000
1905 16.650999
1905 16.558001
1905 16.004000
1905 15.091000
1905 14.232000
1905 13.450000
1906 13.250000
1906 13.502000
1906 14.245000
1906 15.230000
1906 15.769000
1906 16.436001
1906 16.662001
1906 16.593000
1906 15.950000
1906 15.152000
1906 14.054000
1906 13.540000
1907 13.108000
1907 13.257000
1907 14.150000
1907 14.918000
1907 15.602000
1907 16.253000
1907 16.596001
1907 16.455999
1907 15.902000
1907 15.159000
1907 13.872000
1907 13.225000
1908 13.160000
1908 13.441000
1908 13.783000
1908 14.801000
1908 15.757000
1908 16.289000
1908 16.618000
1908 16.365000
1908 15.930000
1908 14.883000
1908 13.842000
1908 13.189000
1909 12.839000
1909 13.350000
1909 13.852000
1909 14.719000
1909 15.600000
1909 16.191000
1909 16.437000
1909 16.496000
1909 15.849000
1909 14.941000
1909 13.993000
1909 13.217000
1910 13.139000
1910 13.317000
1910 13.872000
1910 14.845000
1910 15.712000
1910 16.264000
1910 16.542999
1910 16.476999
1910 15.875000
1910 15.019000
1910 13.750000
1910 13.016000
1911 12.908000
1911 13.164000
1911 13.752000
1911 14.716000
1911 15.497000
1911 16.108000
1911 16.431000
1911 16.386999
1911 15.799000
1911 15.063000
1911 14.062000
1911 13.425000
1912 13.249000
1912 13.595000
1912 13.995000
1912 15.065000
1912 15.813000
1912 16.396999
1912 16.509001
1912 16.309000
1912 15.685000
1912 14.751000
1912 13.928000
1912 13.230000
1913 13.066000
1913 13.344000
1913 13.953000
1913 14.957000
1913 15.679000
1913 16.216000
1913 16.552000
1913 16.496000
1913 15.867000
1913 15.028000
1913 14.123000
1913 13.624000
1914 13.545000
1914 13.576000
1914 14.103000
1914 15.018000
1914 15.857000
1914 16.421000
1914 16.653000
1914 16.691999
1914 16.075001
1914 15.223000
1914 14.155000
1914 13.597000
1915 13.320000
1915 13.675000
1915 14.320000
1915 15.292000
1915 16.066999
1915 16.445000
1915 16.816999
1915 16.802000
1915 16.101999
1915 15.093000
1915 14.254000
1915 13.538000
1916 13.294000
1916 13.581000
1916 14.121000
1916 14.975000
1916 15.779000
1916 16.290001
1916 16.599001
1916 16.511000
1916 15.927000
1916 14.919000
1916 13.814000
1916 13.006000
1917 12.840000
1917 13.099000
1917 13.801000
1917 14.815000
1917 15.537000
1917 16.239000
1917 16.705999
1917 16.580000
1917 16.058001
1917 14.942000
1917 14.002000
1917 13.098000
1918 13.129000
1918 13.312000
1918 14.034000
1918 14.794000
1918 15.733000
1918 16.306000
1918 16.596001
1918 16.552000
1918 16.073999
1918 15.252000
1918 14.297000
1918 13.439000
1919 13.309000
1919 13.678000
1919 14.220000
1919 15.253000
1919 15.847000
1919 16.375000
1919 16.582001
1919 16.497999
1919 16.025000
1919 15.117000
1919 13.914000
1919 13.263000
1920 13.257000
1920 13.347000
1920 14.250000
1920 15.079000
1920 15.855000
1920 16.415001
1920 16.693001
1920 16.625999
1920 16.117001
1920 15.206000
1920 14.159000
1920 13.311000
1921 13.439000
1921 13.622000
1921 14.128000
1921 15.005000
1921 15.826000
1921 16.490000
1921 16.783001
1921 16.618000
1921 16.166000
1921 15.285000
1921 14.236000
1921 13.627000
1922 13.177000
1922 13.453000
1922 14.245000
1922 15.168000
1922 15.778000
1922 16.406000
1922 16.745001
1922 16.532000
1922 15.981000
1922 15.043000
1922 14.117000
1922 13.503000
1923 13.240000
1923 13.358000
1923 14.049000
1923 14.959000
1923 15.724000
1923 16.452000
1923 16.628000
1923 16.540001
1923 15.992000
1923 15.249000
1923 14.404000
1923 13.739000
1924 13.303000
1924 13.585000
1924 14.325000
1924 15.081000
1924 15.918000
1924 16.461000
1924 16.724001
1924 16.556000
1924 16.003000
1924 15.042000
1924 14.132000
1924 13.342000
1925 13.157000
1925 13.361000
1925 14.155000
1925 15.011000
1925 15.855000
1925 16.413000
1925 16.740000
1925 16.716000
1925 16.139999
1925 15.221000
1925 14.418000
1925 13.897000
1926 13.739000
1926 13.842000
1926 14.536000
1926 15.214000
1926 15.932000
1926 16.580999
1926 16.766001
1926 16.799999
1926 16.222000
1926 15.372000
1926 14.351000
1926 13.538000
1927 13.323000
1927 13.650000
1927 14.084000
1927 15.045000
1927 15.873000
1927 16.444000
1927 16.812000
1927 16.742001
1927 16.224001
1927 15.435000
1927 14.342000
1927 13.493000
1928 13.637000
1928 13.722000
1928 14.229000
1928 15.126000
1928 15.880000
1928 16.355000
1928 16.796000
1928 16.700001
1928 16.066000
1928 15.232000
1928 14.276000
1928 13.568000
1929 13.137000
1929 13.241000
1929 14.079000
1929 14.987000
1929 15.716000
1929 16.327999
1929 16.590000
1929 16.671000
1929 16.091999
1929 15.248000
1929 14.313000
1929 13.207000
1930 13.260000
1930 13.540000
1930 14.326000
1930 15.081000
1930 15.911000
1930 16.473000
1930 16.854000
1930 16.791000
1930 16.250000
1930 15.355000
1930 14.505000
1930 13.724000
1931 13.529000
1931 13.621000
1931 14.347000
1931 15.116000
1931 15.872000
1931 16.629999
1931 16.966999
1931 16.886999
1931 16.294001
1931 15.448000
1931 14.317000
1931 13.711000
1932 13.687000
1932 13.658000
1932 14.252000
1932 15.335000
1932 16.018000
1932 16.504000
1932 16.846001
1932 16.680000
1932 16.263000
1932 15.280000
1932 14.175000
1932 13.558000
1933 13.260000
1933 13.506000
1933 14.131000
1933 15.043000
1933 15.823000
1933 16.337000
1933 16.704000
1933 16.701000
1933 16.024000
1933 15.143000
1933 14.131000
1933 13.352000
1934 13.276000
1934 13.701000
1934 14.072000
1934 15.020000
1934 15.951000
1934 16.577999
1934 16.851000
1934 16.740000
1934 16.128000
1934 15.332000
1934 14.412000
1934 13.673000
1935 13.299000
1935 13.857000
1935 14.269000
1935 15.013000
1935 15.848000
1935 16.504000
1935 16.848000
1935 16.715000
1935 16.143000
1935 15.311000
1935 14.069000
1935 13.550000
1936 13.260000
1936 13.533000
1936 14.206000
1936 15.089000
1936 15.935000
1936 16.524000
1936 16.927999
1936 16.811001
1936 16.191000
1936 15.412000
1936 14.338000
1936 13.767000
1937 13.417000
1937 13.904000
1937 14.276000
1937 15.228000
1937 16.051001
1937 16.679001
1937 17.054001
1937 16.941000
1937 16.402000
1937 15.523000
1937 14.447000
1937 13.684000
1938 13.596000
1938 13.827000
1938 14.491000
1938 15.363000
1938 16.000999
1938 16.607000
1938 16.871000
1938 16.903999
1938 16.367001
1938 15.526000
1938 14.408000
1938 13.556000
1939 13.538000
1939 13.757000
1939 14.273000
1939 15.296000
1939 16.174000
1939 16.712000
1939 16.988001
1939 16.892000
1939 16.299999
1939 15.232000
1939 14.379000
1939 14.087000
1940 13.576000
1940 13.932000
1940 14.480000
1940 15.452000
1940 16.080000
1940 16.725000
1940 17.122999
1940 16.945999
1940 16.430000
1940 15.384000
1940 14.377000
1940 13.960000
1941 13.622000
1941 13.946000
1941 14.425000
1941 15.407000
1941 16.152000
1941 16.753000
1941 17.131001
1941 16.915001
1941 16.190001
1941 15.629000
1941 14.475000
1941 13.971000
1942 13.821000
1942 13.773000
1942 14.538000
1942 15.307000
1942 16.146999
1942 16.729000
1942 16.902000
1942 16.766001
1942 16.264999
1942 15.358000
1942 14.426000
1942 13.872000
1943 13.522000
1943 13.939000
1943 14.371000
1943 15.335000
1943 16.122999
1943 16.596001
1943 16.950001
1943 16.912001
1943 16.285000
1943 15.620000
1943 14.530000
1943 13.957000
1944 13.819000
1944 14.023000
1944 14.632000
1944 15.432000
1944 16.212000
1944 16.771999
1944 17.118999
1944 17.117001
1944 16.472000
1944 15.623000
1944 14.401000
1944 13.767000
1945 13.586000
1945 13.747000
1945 14.462000
1945 15.431000
1945 16.063999
1945 16.660999
1945 16.910999
1945 17.106001
1945 16.358000
1945 15.574000
1945 14.453000
1945 13.616000
1946 13.638000
1946 13.816000
1946 14.514000
1946 15.441000
1946 15.994000
1946 16.513000
1946 16.944000
1946 16.716999
1946 16.252001
1946 15.437000
1946 14.359000
1946 13.528000
1947 13.532000
1947 13.832000
1947 14.540000
1947 15.373000
1947 16.089001
1947 16.701000
1947 16.973000
1947 16.804001
1947 16.261000
1947 15.490000
1947 14.435000
1947 13.692000
1948 13.666000
1948 13.692000
1948 14.284000
1948 15.266000
1948 16.173000
1948 16.742001
1948 16.938000
1948 16.902000
1948 16.243000
1948 15.389000
1948 14.299000
1948 13.540000
1949 13.704000
1949 13.686000
1949 14.322000
1949 15.312000
1949 16.063000
1949 16.466999
1949 16.806999
1949 16.796000
1949 16.177000
1949 15.375000
1949 14.331000
1949 13.633000
1950 13.311000
1950 13.554000
1950 14.296000
1950 15.093000
1950 16.033001
1950 16.660000
1950 16.981001
1950 16.731001
1950 16.124001
1950 15.245000
1950 14.060000
1950 13.586000
1951 13.341000
1951 13.488000
1951 14.278000
1951 15.198000
1951 16.158001
1951 16.768000
1951 17.046000
1951 17.080999
1951 16.430000
1951 15.529000
1951 14.422000
1951 13.995000
1952 13.762000
1952 14.009000
1952 14.373000
1952 15.363000
1952 16.129000
1952 16.750999
1952 17.068001
1952 16.952000
1952 16.395000
1952 15.434000
1952 14.334000
1952 13.787000
1953 13.642000
1953 14.020000
1953 14.561000
1953 15.518000
1953 16.266001
1953 16.889999
1953 17.087999
1953 16.985001
1953 16.417999
1953 15.471000
1953 14.332000
1953 13.862000
1954 13.380000
1954 13.783000
1954 14.385000
1954 15.226000
1954 15.971000
1954 16.608999
1954 16.851000
1954 16.816000
1954 16.223000
1954 15.423000
1954 14.480000
1954 13.620000
1955 13.717000
1955 13.718000
1955 14.179000
1955 15.119000
1955 15.882000
1955 16.555000
1955 16.809000
1955 16.899000
1955 16.148001
1955 15.333000
1955 14.211000
1955 13.522000
1956 13.444000
1956 13.626000
1956 14.231000
1956 15.029000
1956 15.823000
1956 16.472000
1956 16.830000
1956 16.605000
1956 16.087999
1956 15.159000
1956 14.261000
1956 13.704000
1957 13.473000
1957 13.804000
1957 14.381000
1957 15.324000
1957 16.216000
1957 16.878000
1957 17.034000
1957 17.049000
1957 16.379999
1957 15.463000
1957 14.516000
1957 13.971000
1958 13.881000
1958 14.071000
1958 14.547000
1958 15.359000
1958 16.180000
1958 16.618999
1958 17.039000
1958 16.832001
1958 16.284000
1958 15.437000
1958 14.507000
1958 13.829000
1959 13.636000
1959 13.873000
1959 14.612000
1959 15.439000
1959 16.122000
1959 16.775999
1959 17.002001
1959 16.908001
1959 16.278000
1959 15.405000
1959 14.272000
1959 13.763000
1960 13.553000
1960 13.956000
1960 14.145000
1960 15.190000
1960 15.956000
1960 16.670000
1960 16.985001
1960 16.969000
1960 16.382000
1960 15.456000
1960 14.313000
1960 13.928000
1961 13.664000
1961 14.058000
1961 14.609000
1961 15.444000
1961 16.240999
1961 16.809999
1961 16.987000
1961 16.917000
1961 16.309000
1961 15.401000
1961 14.437000
1961 13.682000
1962 13.655000
1962 14.003000
1962 14.522000
1962 15.353000
1962 16.041000
1962 16.679001
1962 16.952000
1962 16.830000
1962 16.246000
1962 15.429000
1962 14.421000
1962 13.776000
1963 13.594000
1963 14.014000
1963 14.357000
1963 15.216000
1963 16.049999
1963 16.674999
1963 17.089001
1963 17.061001
1963 16.480000
1963 15.587000
1963 14.580000
1963 13.817000
1964 13.595000
1964 13.730000
1964 14.256000
1964 15.062000
1964 15.856000
1964 16.591000
1964 16.784000
1964 16.634001
1964 16.002001
1964 15.171000
1964 14.202000
1964 13.522000
1965 13.545000
1965 13.698000
1965 14.285000
1965 15.095000
1965 16.007000
1965 16.532000
1965 16.761999
1965 16.802999
1965 16.153999
1965 15.406000
1965 14.287000
1965 13.775000
1966 13.495000
1966 13.810000
1966 14.445000
1966 15.254000
1966 15.987000
1966 16.693001
1966 17.033001
1966 16.826000
1966 16.273001
1966 15.315000
1966 14.362000
1966 13.683000
1967 13.527000
1967 13.688000
1967 14.465000
1967 15.300000
1967 16.278999
1967 16.665001
1967 16.969999
1967 16.840000
1967 16.243999
1967 15.469000
1967 14.353000
1967 13.730000
1968 13.389000
1968 13.724000
1968 14.581000
1968 15.261000
1968 15.990000
1968 16.695999
1968 16.886999
1968 16.794001
1968 16.155001
1968 15.481000
1968 14.418000
1968 13.791000
1969 13.518000
1969 13.747000
1969 14.576000
1969 15.518000
1969 16.329000
1969 16.830000
1969 16.924000
1969 16.945000
1969 16.337000
1969 15.445000
1969 14.524000
1969 13.993000
1970 13.711000
1970 14.022000
1970 14.503000
1970 15.440000
1970 16.104000
1970 16.672001
1970 16.912001
1970 16.747999
1970 16.334999
1970 15.420000
1970 14.418000
1970 13.707000
1971 13.615000
1971 13.627000
1971 14.254000
1971 15.227000
1971 15.963000
1971 16.539000
1971 16.846001
1971 16.752001
1971 16.219999
1971 15.298000
1971 14.399000
1971 13.660000
1972 13.298000
1972 13.644000
1972 14.446000
1972 15.291000
1972 16.094999
1972 16.729000
1972 16.955999
1972 16.978001
1972 16.270000
1972 15.438000
1972 14.419000
1972 13.951000
1973 13.774000
1973 14.140000
1973 14.663000
1973 15.528000
1973 16.288000
1973 16.795000
1973 17.002001
1973 16.889000
1973 16.267000
1973 15.419000
1973 14.381000
1973 13.711000
1974 13.300000
1974 13.490000
1974 14.267000
1974 15.182000
1974 15.957000
1974 16.615999
1974 16.846001
1974 16.912001
1974 16.197001
1974 15.274000
1974 14.320000
1974 13.656000
1975 13.621000
1975 13.857000
1975 14.538000
1975 15.297000
1975 16.136000
1975 16.681999
1975 16.877001
1975 16.665001
1975 16.216000
1975 15.292000
1975 14.126000
1975 13.557000
1976 13.442000
1976 13.619000
1976 14.124000
1976 15.135000
1976 15.778000
1976 16.448000
1976 16.864000
1976 16.671000
1976 16.184999
1976 15.167000
1976 14.299000
1976 13.841000
1977 13.647000
1977 14.001000
1977 14.639000
1977 15.470000
1977 16.285999
1977 16.846001
1977 17.047001
1977 16.979000
1977 16.312000
1977 15.387000
1977 14.544000
1977 13.741000
1978 13.587000
1978 13.904000
1978 14.555000
1978 15.372000
1978 16.101000
1978 16.601000
1978 16.934999
1978 16.622999
1978 16.281000
1978 15.337000
1978 14.522000
1978 13.793000
1979 13.630000
1979 13.768000
1979 14.565000
1979 15.391000
1979 16.076000
1979 16.771999
1979 16.992001
1979 16.978001
1979 16.450001
1979 15.557000
1979 14.609000
1979 14.182000
1980 13.812000
1980 14.112000
1980 14.646000
1980 15.578000
1980 16.313999
1980 16.806000
1980 17.171000
1980 17.049000
1980 16.427000
1980 15.450000
1980 14.645000
1980 13.892000
1981 13.963000
1981 14.073000
1981 14.769000
1981 15.432000
1981 16.198000
1981 16.931999
1981 17.216999
1981 17.122999
1981 16.466000
1981 15.453000
1981 14.470000
1981 14.098000
1982 13.587000
1982 13.852000
1982 14.337000
1982 15.330000
1982 16.143999
1982 16.625000
1982 17.000000
1982 16.867001
1982 16.354000
1982 15.493000
1982 14.446000
1982 14.068000
1983 13.979000
1983 14.169000
1983 14.683000
1983 15.468000
1983 16.340000
1983 16.785999
1983 17.068001
1983 17.145000
1983 16.573000
1983 15.498000
1983 14.648000
1983 13.886000
1984 13.701000
1984 13.878000
1984 14.608000
1984 15.370000
1984 16.295000
1984 16.667999
1984 16.961000
1984 16.972000
1984 16.385000
1984 15.368000
1984 14.320000
1984 13.604000
1985 13.678000
1985 13.731000
1985 14.526000
1985 15.356000
1985 16.136000
1985 16.712999
1985 16.906000
1985 17.013000
1985 16.357000
1985 15.476000
1985 14.388000
1985 13.808000
1986 13.724000
1986 14.084000
1986 14.608000
1986 15.452000
1986 16.163000
1986 16.695999
1986 16.990999
1986 16.938000
1986 16.285000
1986 15.455000
1986 14.407000
1986 13.805000
1987 13.758000
1987 14.161000
1987 14.538000
1987 15.447000
1987 16.252001
1987 16.900000
1987 17.296000
1987 17.061001
1987 16.569000
1987 15.621000
1987 14.561000
1987 14.130000
1988 13.978000
1988 14.064000
1988 14.778000
1988 15.593000
1988 16.348000
1988 16.976000
1988 17.179001
1988 17.173000
1988 16.552999
1988 15.639000
1988 14.465000
1988 13.923000
1989 13.566000
1989 13.978000
1989 14.607000
1989 15.422000
1989 16.121000
1989 16.725000
1989 17.150000
1989 17.051001
1989 16.500000
1989 15.597000
1989 14.524000
1989 14.058000
1990 13.891000
1990 14.143000
1990 15.005000
1990 15.683000
1990 16.396999
1990 16.995001
1990 17.246000
1990 17.110001
1990 16.465000
1990 15.747000
1990 14.770000
1990 14.100000
1991 13.859000
1991 14.201000
1991 14.689000
1991 15.716000
1991 16.370001
1991 17.052000
1991 17.348000
1991 17.163000
1991 16.572001
1991 15.619000
1991 14.607000
1991 13.980000
1992 13.961000
1992 14.181000
1992 14.771000
1992 15.510000
1992 16.319000
1992 16.886000
1992 17.000999
1992 16.900000
1992 16.243000
1992 15.419000
1992 14.343000
1992 13.902000
1993 13.896000
1993 14.085000
1993 14.725000
1993 15.482000
1993 16.231001
1993 16.858999
1993 17.155001
1993 16.926001
1993 16.381001
1993 15.543000
1993 14.410000
1993 13.904000
1994 13.731000
1994 13.773000
1994 14.713000
1994 15.584000
1994 16.348000
1994 17.021000
1994 17.183001
1994 17.035999
1994 16.497999
1994 15.743000
1994 14.754000
1994 14.036000
1995 13.945000
1995 14.388000
1995 14.783000
1995 15.587000
1995 16.278999
1995 17.007999
1995 17.375000
1995 17.297001
1995 16.580000
1995 15.748000
1995 14.713000
1995 13.951000
1996 13.721000
1996 14.207000
1996 14.658000
1996 15.541000
1996 16.271999
1996 16.847000
1996 17.219999
1996 17.209999
1996 16.444000
1996 15.516000
1996 14.607000
1996 14.053000
1997 13.818000
1997 14.178000
1997 14.873000
1997 15.634000
1997 16.388000
1997 17.158001
1997 17.306999
1997 17.266001
1997 16.766001
1997 15.935000
1997 14.952000
1997 14.291000
1998 14.063000
1998 14.611000
1998 14.958000
1998 15.884000
1998 16.671000
1998 17.289000
1998 17.608999
1998 17.490999
1998 16.657000
1998 15.768000
1998 14.697000
1998 14.214000
1999 13.933000
1999 14.367000
1999 14.676000
1999 15.572000
1999 16.298000
1999 16.957001
1999 17.218000
1999 17.100000
1999 16.605000
1999 15.675000
1999 14.673000
1999 14.130000
2000 13.773000
2000 14.266000
2000 14.846000
2000 15.762000
2000 16.395000
2000 17.000000
2000 17.242001
2000 17.243000
2000 16.613001
2000 15.588000
2000 14.632000
2000 13.968000
2001 13.936000
2001 14.179000
2001 14.982000
2001 15.808000
2001 16.569000
2001 17.150999
2001 17.450001
2001 17.294001
2001 16.757999
2001 15.831000
2001 15.011000
2001 14.241000
2002 14.258000
2002 14.505000
2002 15.198000
2002 15.818000
2002 16.605000
2002 17.110001
2002 17.487000
2002 17.327999
2002 16.799000
2002 15.859000
2002 14.856000
2002 14.127000
2003 14.207000
2003 14.359000
2003 14.973000
2003 15.774000
2003 16.566999
2003 17.104000
2003 17.423000
2003 17.402000
2003 16.839001
2003 15.997000
2003 14.838000
2003 14.436000
2004 14.097000
2004 14.488000
2004 14.992000
2004 15.811000
2004 16.382999
2004 17.006001
2004 17.226999
2004 17.266001
2004 16.745001
2004 15.889000
2004 15.022000
2004 14.161000
2005 14.159000
2005 14.293000
2005 15.106000
2005 15.978000
2005 16.629000
2005 17.247999
2005 17.503000
2005 17.375000
2005 16.903000
2005 16.025000
2005 15.005000
2005 14.327000
2006 13.990000
2006 14.435000
2006 14.966000
2006 15.729000
2006 16.462999
2006 17.216000
2006 17.419001
2006 17.479000
2006 16.792000
2006 15.935000
2006 14.931000
2006 14.407000
2007 14.417000
2007 14.408000
2007 15.017000
2007 15.930000
2007 16.629000
2007 17.167999
2007 17.485001
2007 17.339001
2007 16.737000
2007 15.867000
2007 14.821000
2007 14.110000
2008 13.719000
2008 14.061000
2008 15.077000
2008 15.735000
2008 16.497000
2008 17.077000
2008 17.448999
2008 17.282000
2008 16.757000
2008 15.931000
2008 14.919000
2008 14.151000
2009 14.091000
2009 14.267000
2009 14.873000
2009 15.819000
2009 16.570999
2009 17.260000
2009 17.577999
2009 17.427000
2009 16.864000
2009 15.910000
2009 14.968000
2009 14.298000
2010 14.208000
2010 14.517000
2010 15.223000
2010 16.039000
2010 16.732000
2010 17.271000
2010 17.532000
2010 17.412001
2010 16.761000
2010 15.939000
2010 14.995000
2010 14.117000
2011 13.928000
2011 14.193000
2011 14.880000
2011 15.832000
2011 16.523001
2011 17.202999
2011 17.568001
2011 17.475000
2011 16.761999
2011 15.873000
2011 14.799000
2011 14.198000
2012 13.859000
2012 14.164000
2012 14.863000
2012 15.881000
2012 16.698999
2012 17.252001
2012 17.450001
2012 17.420000
2012 16.882000
2012 16.018999
2012 15.001000
2012 14.138000
2013 14.117000
2013 14.359000
2013 14.952000
2013 15.749000
2013 16.608999
2013 17.257000
2013 17.503000
2013 17.462000
2013 16.893999
2013 15.905000
2013 15.107000
2013 14.339000
2014 14.136000
2014 14.157000
2014 15.090000
2014 16.038000
2014 16.804001
2014 17.302999
2014 17.507999
2014 17.607000
2014 16.975000
2014 16.028999
2014 14.899000
2014 14.410000
2015 14.255000
2015 14.564000
2015 15.193000
2015 15.962000
2015 16.774000
2015 17.389999
2015 17.611000
2015 17.589001
2015 17.049000
2015 16.290001
2015 15.252000
2015 14.774000
